p convex 179 255 lencod_HadamardSAD4x4_for.end.11696 201057
n 1 1 1
e 1 145
e 1 96
e 1 94
e 1 92
e 1 90
e 1 88
e 1 86
e 1 84
e 1 82
e 1 80
e 1 78
e 1 76
e 1 74
e 1 72
e 1 70
e 1 68
e 1 66
n 2 1 1
e 2 3
n 3 1 0
e 3 61
e 3 7
n 4 1 1
e 4 5
n 5 1 1
e 5 6
n 6 1 0
e 6 61
e 6 7
n 7 1 0
e 7 81
e 7 65
n 8 1 1
e 8 9
n 9 1 1
e 9 10
n 10 1 0
e 10 62
e 10 14
n 11 1 1
e 11 12
n 12 1 1
e 12 13
n 13 1 0
e 13 62
e 13 14
n 14 1 0
e 14 83
e 14 67
n 15 1 1
e 15 16
n 16 1 1
e 16 17
n 17 1 0
e 17 63
e 17 21
n 18 1 1
e 18 19
n 19 1 1
e 19 20
n 20 1 0
e 20 63
e 20 21
n 21 1 0
e 21 85
e 21 69
n 22 1 1
e 22 23
n 23 1 1
e 23 24
n 24 1 0
e 24 64
e 24 28
n 25 1 1
e 25 26
n 26 1 1
e 26 27
n 27 1 0
e 27 64
e 27 28
n 28 1 0
e 28 87
e 28 71
n 29 1 1
e 29 30
n 30 1 1
e 30 31
n 31 1 0
e 31 57
e 31 35
n 32 1 1
e 32 33
n 33 1 1
e 33 34
n 34 1 0
e 34 57
e 34 35
n 35 1 0
e 35 81
e 35 65
n 36 1 1
e 36 37
n 37 1 1
e 37 38
n 38 1 0
e 38 58
e 38 42
n 39 1 1
e 39 40
n 40 1 1
e 40 41
n 41 1 0
e 41 58
e 41 42
n 42 1 0
e 42 83
e 42 67
n 43 1 1
e 43 44
n 44 1 1
e 44 45
n 45 1 0
e 45 59
e 45 49
n 46 1 1
e 46 47
n 47 1 1
e 47 48
n 48 1 0
e 48 59
e 48 49
n 49 1 0
e 49 85
e 49 69
n 50 1 1
e 50 51
n 51 1 1
e 51 52
n 52 1 0
e 52 60
e 52 56
n 53 1 1
e 53 54
n 54 1 1
e 54 55
n 55 1 0
e 55 60
e 55 56
n 56 1 0
e 56 87
e 56 71
n 57 1 0
e 57 89
e 57 73
n 58 1 0
e 58 91
e 58 75
n 59 1 0
e 59 93
e 59 77
n 60 1 0
e 60 95
e 60 79
n 61 1 0
e 61 89
e 61 73
n 62 1 0
e 62 91
e 62 75
n 63 1 0
e 63 93
e 63 77
n 64 1 0
e 64 95
e 64 79
n 65 1 0
e 65 100
e 65 97
n 66 1 1
e 66 114
n 67 1 0
e 67 99
e 67 98
n 68 1 1
e 68 116
n 69 1 0
e 69 99
e 69 98
n 70 1 1
e 70 118
n 71 1 0
e 71 100
e 71 97
n 72 1 1
e 72 120
n 73 1 0
e 73 104
e 73 101
n 74 1 1
e 74 151
e 74 122
n 75 1 0
e 75 103
e 75 102
n 76 1 1
e 76 124
n 77 1 0
e 77 103
e 77 102
n 78 1 1
e 78 126
n 79 1 0
e 79 104
e 79 101
n 80 1 1
e 80 128
n 81 1 0
e 81 108
e 81 105
n 82 1 1
e 82 158
e 82 130
n 83 1 0
e 83 107
e 83 106
n 84 1 1
e 84 132
n 85 1 0
e 85 107
e 85 106
n 86 1 1
e 86 134
n 87 1 0
e 87 108
e 87 105
n 88 1 1
e 88 136
n 89 1 0
e 89 112
e 89 109
n 90 1 1
e 90 165
e 90 138
n 91 1 0
e 91 111
e 91 110
n 92 1 1
e 92 140
n 93 1 0
e 93 111
e 93 110
n 94 1 1
e 94 142
n 95 1 0
e 95 112
e 95 109
n 96 1 1
e 96 144
n 97 1 0
e 97 115
e 97 113
n 98 1 0
e 98 115
e 98 113
n 99 1 0
e 99 119
e 99 117
n 100 1 0
e 100 119
e 100 117
n 101 1 0
e 101 123
e 101 121
n 102 1 0
e 102 123
e 102 121
n 103 1 0
e 103 127
e 103 125
n 104 1 0
e 104 127
e 104 125
n 105 1 0
e 105 131
e 105 129
n 106 1 0
e 106 131
e 106 129
n 107 1 0
e 107 135
e 107 133
n 108 1 0
e 108 135
e 108 133
n 109 1 0
e 109 139
e 109 137
n 110 1 0
e 110 139
e 110 137
n 111 1 0
e 111 143
e 111 141
n 112 1 0
e 112 143
e 112 141
n 113 1 0
e 113 114
n 114 1 1
n 115 1 0
e 115 116
n 116 1 1
n 117 1 0
e 117 118
n 118 1 1
n 119 1 0
e 119 120
n 120 1 1
n 121 1 0
e 121 122
n 122 1 1
n 123 1 0
e 123 124
n 124 1 1
n 125 1 0
e 125 126
n 126 1 1
n 127 1 0
e 127 128
n 128 1 1
n 129 1 0
e 129 130
n 130 1 1
n 131 1 0
e 131 132
n 132 1 1
n 133 1 0
e 133 134
n 134 1 1
n 135 1 0
e 135 136
n 136 1 1
n 137 1 0
e 137 138
n 138 1 1
n 139 1 0
e 139 140
n 140 1 1
n 141 1 0
e 141 142
n 142 1 1
n 143 1 0
e 143 144
n 144 1 1
n 145 1 0
e 145 146
n 146 1 1
e 146 149
e 146 148
e 146 147
n 147 1 0
e 147 148
n 148 1 0
e 148 150
n 149 1 0
e 149 150
n 150 1 0
e 150 156
n 151 1 0
e 151 152
n 152 1 1
e 152 155
e 152 154
e 152 153
n 153 1 0
e 153 154
n 154 1 0
e 154 157
n 155 1 0
e 155 156
n 156 1 0
e 156 157
n 157 1 0
e 157 163
n 158 1 0
e 158 159
n 159 1 1
e 159 162
e 159 161
e 159 160
n 160 1 0
e 160 161
n 161 1 0
e 161 164
n 162 1 0
e 162 163
n 163 1 0
e 163 164
n 164 1 0
e 164 170
n 165 1 0
e 165 166
n 166 1 1
e 166 169
e 166 168
e 166 167
n 167 1 0
e 167 168
n 168 1 0
e 168 171
n 169 1 0
e 169 170
n 170 1 0
e 170 171
n 171 1 0
e 171 173
e 171 172
n 172 1 0
e 172 173
n 173 1 0
e 173 175
e 173 174
n 174 1 0
e 174 175
n 175 1 0
e 175 176
n 176 1 0
e 176 177
n 177 1 0
e 177 178
n 178 1 0
e 178 179
n 179 1 1
