p convex 151 229 hadamard_HadamardSAD8x8_for.body.1 4
n 1 1 1
e 1 74
e 1 49
e 1 47
e 1 45
e 1 43
e 1 41
e 1 31
e 1 21
e 1 11
e 1 2
n 2 1 0
e 2 36
e 2 32
e 2 26
e 2 22
e 2 16
e 2 12
e 2 6
e 2 3
n 3 1 1
e 3 4
n 4 1 1
e 4 5
n 5 1 0
e 5 42
e 5 10
n 6 1 0
e 6 7
n 7 1 1
e 7 8
n 8 1 1
e 8 9
n 9 1 0
e 9 42
e 9 10
n 10 1 0
e 10 52
e 10 50
n 11 1 1
e 11 59
n 12 1 0
e 12 13
n 13 1 1
e 13 14
n 14 1 1
e 14 15
n 15 1 0
e 15 44
e 15 20
n 16 1 0
e 16 17
n 17 1 1
e 17 18
n 18 1 1
e 18 19
n 19 1 0
e 19 44
e 19 20
n 20 1 0
e 20 53
e 20 51
n 21 1 1
e 21 61
n 22 1 0
e 22 23
n 23 1 1
e 23 24
n 24 1 1
e 24 25
n 25 1 0
e 25 46
e 25 30
n 26 1 0
e 26 27
n 27 1 1
e 27 28
n 28 1 1
e 28 29
n 29 1 0
e 29 46
e 29 30
n 30 1 0
e 30 52
e 30 50
n 31 1 1
e 31 63
n 32 1 0
e 32 33
n 33 1 1
e 33 34
n 34 1 1
e 34 35
n 35 1 0
e 35 48
e 35 40
n 36 1 0
e 36 37
n 37 1 1
e 37 38
n 38 1 1
e 38 39
n 39 1 0
e 39 48
e 39 40
n 40 1 0
e 40 53
e 40 51
n 41 1 1
e 41 65
n 42 1 0
e 42 56
e 42 54
n 43 1 1
e 43 67
n 44 1 0
e 44 57
e 44 55
n 45 1 1
e 45 69
n 46 1 0
e 46 56
e 46 54
n 47 1 1
e 47 71
n 48 1 0
e 48 57
e 48 55
n 49 1 1
e 49 73
n 50 1 0
e 50 60
e 50 58
n 51 1 0
e 51 60
e 51 58
n 52 1 0
e 52 64
e 52 62
n 53 1 0
e 53 64
e 53 62
n 54 1 0
e 54 68
e 54 66
n 55 1 0
e 55 68
e 55 66
n 56 1 0
e 56 72
e 56 70
n 57 1 0
e 57 72
e 57 70
n 58 1 0
e 58 59
n 59 1 1
n 60 1 0
e 60 61
n 61 1 1
n 62 1 0
e 62 63
n 63 1 1
n 64 1 0
e 64 65
n 65 1 1
n 66 1 0
e 66 67
n 67 1 1
n 68 1 0
e 68 69
n 69 1 1
n 70 1 0
e 70 71
n 71 1 1
n 72 1 0
e 72 73
n 73 1 1
n 74 1 0
e 74 147
e 74 122
e 74 120
e 74 118
e 74 116
e 74 114
e 74 104
e 74 94
e 74 84
e 74 75
n 75 1 0
e 75 109
e 75 105
e 75 99
e 75 95
e 75 89
e 75 85
e 75 79
e 75 76
n 76 1 1
e 76 77
n 77 1 1
e 77 78
n 78 1 0
e 78 115
e 78 83
n 79 1 0
e 79 80
n 80 1 1
e 80 81
n 81 1 1
e 81 82
n 82 1 0
e 82 115
e 82 83
n 83 1 0
e 83 125
e 83 123
n 84 1 1
e 84 132
n 85 1 0
e 85 86
n 86 1 1
e 86 87
n 87 1 1
e 87 88
n 88 1 0
e 88 117
e 88 93
n 89 1 0
e 89 90
n 90 1 1
e 90 91
n 91 1 1
e 91 92
n 92 1 0
e 92 117
e 92 93
n 93 1 0
e 93 126
e 93 124
n 94 1 1
e 94 134
n 95 1 0
e 95 96
n 96 1 1
e 96 97
n 97 1 1
e 97 98
n 98 1 0
e 98 119
e 98 103
n 99 1 0
e 99 100
n 100 1 1
e 100 101
n 101 1 1
e 101 102
n 102 1 0
e 102 119
e 102 103
n 103 1 0
e 103 125
e 103 123
n 104 1 1
e 104 136
n 105 1 0
e 105 106
n 106 1 1
e 106 107
n 107 1 1
e 107 108
n 108 1 0
e 108 121
e 108 113
n 109 1 0
e 109 110
n 110 1 1
e 110 111
n 111 1 1
e 111 112
n 112 1 0
e 112 121
e 112 113
n 113 1 0
e 113 126
e 113 124
n 114 1 1
e 114 138
n 115 1 0
e 115 129
e 115 127
n 116 1 1
e 116 140
n 117 1 0
e 117 130
e 117 128
n 118 1 1
e 118 142
n 119 1 0
e 119 129
e 119 127
n 120 1 1
e 120 144
n 121 1 0
e 121 130
e 121 128
n 122 1 1
e 122 146
n 123 1 0
e 123 133
e 123 131
n 124 1 0
e 124 133
e 124 131
n 125 1 0
e 125 137
e 125 135
n 126 1 0
e 126 137
e 126 135
n 127 1 0
e 127 141
e 127 139
n 128 1 0
e 128 141
e 128 139
n 129 1 0
e 129 145
e 129 143
n 130 1 0
e 130 145
e 130 143
n 131 1 0
e 131 132
n 132 1 1
n 133 1 0
e 133 134
n 134 1 1
n 135 1 0
e 135 136
n 136 1 1
n 137 1 0
e 137 138
n 138 1 1
n 139 1 0
e 139 140
n 140 1 1
n 141 1 0
e 141 142
n 142 1 1
n 143 1 0
e 143 144
n 144 1 1
n 145 1 0
e 145 146
n 146 1 1
n 147 1 0
e 147 148
n 148 1 0
e 148 149
n 149 1 0
e 149 150
n 150 1 1
n 151 0 1
e 151 122
e 151 120
e 151 118
e 151 116
e 151 114
e 151 104
e 151 94
e 151 84
e 151 49
e 151 47
e 151 45
e 151 43
e 151 41
e 151 31
e 151 21
e 151 11
