p convex 1226 1849 usha_sha_transform_for.end23.14 50744
n 1 1 1
e 1 1212
e 1 2
n 2 1 1
e 2 1207
e 2 41
e 2 40
e 2 31
e 2 30
e 2 12
e 2 11
n 3 1 1
e 3 1215
e 3 1213
e 3 4
n 4 1 1
e 4 25
e 4 24
e 4 15
e 4 14
n 5 1 1
e 5 1218
e 5 1216
e 5 6
n 6 1 1
e 6 52
e 6 32
e 6 14
n 7 1 1
e 7 1221
e 7 1219
e 7 8
n 8 1 1
e 8 36
e 8 16
n 9 1 1
e 9 1224
e 9 1222
e 9 10
n 10 1 1
e 10 20
n 11 1 0
e 11 13
n 12 1 0
e 12 13
n 13 1 0
e 13 20
n 14 1 0
e 14 17
n 15 1 0
e 15 16
n 16 1 0
e 16 17
n 17 1 0
e 17 21
n 18 1 1
e 18 19
n 19 1 1
e 19 22
n 20 1 0
e 20 21
n 21 1 0
e 21 22
n 22 1 0
e 22 47
e 22 23
n 23 1 0
e 23 57
e 23 56
e 23 46
e 23 28
e 23 27
n 24 1 0
e 24 26
n 25 1 0
e 25 26
n 26 1 0
e 26 68
e 26 48
e 26 30
n 27 1 0
e 27 29
n 28 1 0
e 28 29
n 29 1 0
e 29 38
n 30 1 0
e 30 33
n 31 1 0
e 31 32
n 32 1 0
e 32 33
n 33 1 0
e 33 36
n 34 1 1
e 34 35
n 35 1 1
e 35 37
n 36 1 0
e 36 37
n 37 1 0
e 37 38
n 38 1 0
e 38 63
e 38 39
n 39 1 0
e 39 73
e 39 72
e 39 62
e 39 44
e 39 43
n 40 1 0
e 40 42
n 41 1 0
e 41 42
n 42 1 0
e 42 84
e 42 64
e 42 46
n 43 1 0
e 43 45
n 44 1 0
e 44 45
n 45 1 0
e 45 54
n 46 1 0
e 46 49
n 47 1 0
e 47 48
n 48 1 0
e 48 49
n 49 1 0
e 49 53
n 50 1 1
e 50 51
n 51 1 1
e 51 52
n 52 1 0
e 52 53
n 53 1 0
e 53 54
n 54 1 0
e 54 79
e 54 55
n 55 1 0
e 55 89
e 55 88
e 55 78
e 55 60
e 55 59
n 56 1 0
e 56 58
n 57 1 0
e 57 58
n 58 1 0
e 58 100
e 58 80
e 58 62
n 59 1 0
e 59 61
n 60 1 0
e 60 61
n 61 1 0
e 61 70
n 62 1 0
e 62 65
n 63 1 0
e 63 64
n 64 1 0
e 64 65
n 65 1 0
e 65 69
n 66 1 1
e 66 67
n 67 1 1
e 67 68
n 68 1 0
e 68 69
n 69 1 0
e 69 70
n 70 1 0
e 70 95
e 70 71
n 71 1 0
e 71 105
e 71 104
e 71 94
e 71 76
e 71 75
n 72 1 0
e 72 74
n 73 1 0
e 73 74
n 74 1 0
e 74 116
e 74 96
e 74 78
n 75 1 0
e 75 77
n 76 1 0
e 76 77
n 77 1 0
e 77 86
n 78 1 0
e 78 81
n 79 1 0
e 79 80
n 80 1 0
e 80 81
n 81 1 0
e 81 85
n 82 1 1
e 82 83
n 83 1 1
e 83 84
n 84 1 0
e 84 85
n 85 1 0
e 85 86
n 86 1 0
e 86 111
e 86 87
n 87 1 0
e 87 121
e 87 120
e 87 110
e 87 92
e 87 91
n 88 1 0
e 88 90
n 89 1 0
e 89 90
n 90 1 0
e 90 132
e 90 112
e 90 94
n 91 1 0
e 91 93
n 92 1 0
e 92 93
n 93 1 0
e 93 102
n 94 1 0
e 94 97
n 95 1 0
e 95 96
n 96 1 0
e 96 97
n 97 1 0
e 97 101
n 98 1 1
e 98 99
n 99 1 1
e 99 100
n 100 1 0
e 100 101
n 101 1 0
e 101 102
n 102 1 0
e 102 127
e 102 103
n 103 1 0
e 103 137
e 103 136
e 103 126
e 103 108
e 103 107
n 104 1 0
e 104 106
n 105 1 0
e 105 106
n 106 1 0
e 106 148
e 106 128
e 106 110
n 107 1 0
e 107 109
n 108 1 0
e 108 109
n 109 1 0
e 109 118
n 110 1 0
e 110 113
n 111 1 0
e 111 112
n 112 1 0
e 112 113
n 113 1 0
e 113 117
n 114 1 1
e 114 115
n 115 1 1
e 115 116
n 116 1 0
e 116 117
n 117 1 0
e 117 118
n 118 1 0
e 118 143
e 118 119
n 119 1 0
e 119 153
e 119 152
e 119 142
e 119 124
e 119 123
n 120 1 0
e 120 122
n 121 1 0
e 121 122
n 122 1 0
e 122 164
e 122 144
e 122 126
n 123 1 0
e 123 125
n 124 1 0
e 124 125
n 125 1 0
e 125 134
n 126 1 0
e 126 129
n 127 1 0
e 127 128
n 128 1 0
e 128 129
n 129 1 0
e 129 133
n 130 1 1
e 130 131
n 131 1 1
e 131 132
n 132 1 0
e 132 133
n 133 1 0
e 133 134
n 134 1 0
e 134 159
e 134 135
n 135 1 0
e 135 169
e 135 168
e 135 158
e 135 140
e 135 139
n 136 1 0
e 136 138
n 137 1 0
e 137 138
n 138 1 0
e 138 180
e 138 160
e 138 142
n 139 1 0
e 139 141
n 140 1 0
e 140 141
n 141 1 0
e 141 150
n 142 1 0
e 142 145
n 143 1 0
e 143 144
n 144 1 0
e 144 145
n 145 1 0
e 145 149
n 146 1 1
e 146 147
n 147 1 1
e 147 148
n 148 1 0
e 148 149
n 149 1 0
e 149 150
n 150 1 0
e 150 175
e 150 151
n 151 1 0
e 151 185
e 151 184
e 151 174
e 151 156
e 151 155
n 152 1 0
e 152 154
n 153 1 0
e 153 154
n 154 1 0
e 154 196
e 154 176
e 154 158
n 155 1 0
e 155 157
n 156 1 0
e 156 157
n 157 1 0
e 157 166
n 158 1 0
e 158 161
n 159 1 0
e 159 160
n 160 1 0
e 160 161
n 161 1 0
e 161 165
n 162 1 1
e 162 163
n 163 1 1
e 163 164
n 164 1 0
e 164 165
n 165 1 0
e 165 166
n 166 1 0
e 166 191
e 166 167
n 167 1 0
e 167 201
e 167 200
e 167 190
e 167 172
e 167 171
n 168 1 0
e 168 170
n 169 1 0
e 169 170
n 170 1 0
e 170 212
e 170 192
e 170 174
n 171 1 0
e 171 173
n 172 1 0
e 172 173
n 173 1 0
e 173 182
n 174 1 0
e 174 177
n 175 1 0
e 175 176
n 176 1 0
e 176 177
n 177 1 0
e 177 181
n 178 1 1
e 178 179
n 179 1 1
e 179 180
n 180 1 0
e 180 181
n 181 1 0
e 181 182
n 182 1 0
e 182 207
e 182 183
n 183 1 0
e 183 217
e 183 216
e 183 206
e 183 188
e 183 187
n 184 1 0
e 184 186
n 185 1 0
e 185 186
n 186 1 0
e 186 228
e 186 208
e 186 190
n 187 1 0
e 187 189
n 188 1 0
e 188 189
n 189 1 0
e 189 198
n 190 1 0
e 190 193
n 191 1 0
e 191 192
n 192 1 0
e 192 193
n 193 1 0
e 193 197
n 194 1 1
e 194 195
n 195 1 1
e 195 196
n 196 1 0
e 196 197
n 197 1 0
e 197 198
n 198 1 0
e 198 223
e 198 199
n 199 1 0
e 199 233
e 199 232
e 199 222
e 199 204
e 199 203
n 200 1 0
e 200 202
n 201 1 0
e 201 202
n 202 1 0
e 202 244
e 202 224
e 202 206
n 203 1 0
e 203 205
n 204 1 0
e 204 205
n 205 1 0
e 205 214
n 206 1 0
e 206 209
n 207 1 0
e 207 208
n 208 1 0
e 208 209
n 209 1 0
e 209 213
n 210 1 1
e 210 211
n 211 1 1
e 211 212
n 212 1 0
e 212 213
n 213 1 0
e 213 214
n 214 1 0
e 214 239
e 214 215
n 215 1 0
e 215 249
e 215 248
e 215 238
e 215 220
e 215 219
n 216 1 0
e 216 218
n 217 1 0
e 217 218
n 218 1 0
e 218 260
e 218 240
e 218 222
n 219 1 0
e 219 221
n 220 1 0
e 220 221
n 221 1 0
e 221 230
n 222 1 0
e 222 225
n 223 1 0
e 223 224
n 224 1 0
e 224 225
n 225 1 0
e 225 229
n 226 1 1
e 226 227
n 227 1 1
e 227 228
n 228 1 0
e 228 229
n 229 1 0
e 229 230
n 230 1 0
e 230 255
e 230 231
n 231 1 0
e 231 265
e 231 264
e 231 254
e 231 236
e 231 235
n 232 1 0
e 232 234
n 233 1 0
e 233 234
n 234 1 0
e 234 276
e 234 256
e 234 238
n 235 1 0
e 235 237
n 236 1 0
e 236 237
n 237 1 0
e 237 246
n 238 1 0
e 238 241
n 239 1 0
e 239 240
n 240 1 0
e 240 241
n 241 1 0
e 241 245
n 242 1 1
e 242 243
n 243 1 1
e 243 244
n 244 1 0
e 244 245
n 245 1 0
e 245 246
n 246 1 0
e 246 271
e 246 247
n 247 1 0
e 247 281
e 247 280
e 247 270
e 247 252
e 247 251
n 248 1 0
e 248 250
n 249 1 0
e 249 250
n 250 1 0
e 250 292
e 250 272
e 250 254
n 251 1 0
e 251 253
n 252 1 0
e 252 253
n 253 1 0
e 253 262
n 254 1 0
e 254 257
n 255 1 0
e 255 256
n 256 1 0
e 256 257
n 257 1 0
e 257 261
n 258 1 1
e 258 259
n 259 1 1
e 259 260
n 260 1 0
e 260 261
n 261 1 0
e 261 262
n 262 1 0
e 262 287
e 262 263
n 263 1 0
e 263 297
e 263 296
e 263 286
e 263 268
e 263 267
n 264 1 0
e 264 266
n 265 1 0
e 265 266
n 266 1 0
e 266 309
e 266 288
e 266 270
n 267 1 0
e 267 269
n 268 1 0
e 268 269
n 269 1 0
e 269 278
n 270 1 0
e 270 273
n 271 1 0
e 271 272
n 272 1 0
e 272 273
n 273 1 0
e 273 277
n 274 1 1
e 274 275
n 275 1 1
e 275 276
n 276 1 0
e 276 277
n 277 1 0
e 277 278
n 278 1 0
e 278 303
e 278 279
n 279 1 0
e 279 313
e 279 312
e 279 302
e 279 284
e 279 283
n 280 1 0
e 280 282
n 281 1 0
e 281 282
n 282 1 0
e 282 325
e 282 304
e 282 286
n 283 1 0
e 283 285
n 284 1 0
e 284 285
n 285 1 0
e 285 294
n 286 1 0
e 286 289
n 287 1 0
e 287 288
n 288 1 0
e 288 289
n 289 1 0
e 289 293
n 290 1 1
e 290 291
n 291 1 1
e 291 292
n 292 1 0
e 292 293
n 293 1 0
e 293 294
n 294 1 0
e 294 319
e 294 295
n 295 1 0
e 295 329
e 295 328
e 295 318
e 295 300
e 295 299
n 296 1 0
e 296 298
n 297 1 0
e 297 298
n 298 1 0
e 298 339
e 298 320
e 298 302
n 299 1 0
e 299 301
n 300 1 0
e 300 301
n 301 1 0
e 301 311
n 302 1 0
e 302 305
n 303 1 0
e 303 304
n 304 1 0
e 304 305
n 305 1 0
e 305 310
n 306 1 1
e 306 307
n 307 1 1
e 307 308
n 308 1 0
e 308 309
n 309 1 0
e 309 310
n 310 1 0
e 310 311
n 311 1 0
e 311 343
e 311 342
e 311 335
e 311 316
e 311 315
n 312 1 0
e 312 314
n 313 1 0
e 313 314
n 314 1 0
e 314 353
e 314 334
e 314 318
n 315 1 0
e 315 317
n 316 1 0
e 316 317
n 317 1 0
e 317 327
n 318 1 0
e 318 321
n 319 1 0
e 319 320
n 320 1 0
e 320 321
n 321 1 0
e 321 326
n 322 1 1
e 322 323
n 323 1 1
e 323 324
n 324 1 0
e 324 325
n 325 1 0
e 325 326
n 326 1 0
e 326 327
n 327 1 0
e 327 357
e 327 356
e 327 349
e 327 332
e 327 331
n 328 1 0
e 328 330
n 329 1 0
e 329 330
n 330 1 0
e 330 367
e 330 348
e 330 334
n 331 1 0
e 331 333
n 332 1 0
e 332 333
n 333 1 0
e 333 341
n 334 1 0
e 334 335
n 335 1 0
e 335 340
n 336 1 1
e 336 337
n 337 1 1
e 337 338
n 338 1 0
e 338 339
n 339 1 0
e 339 340
n 340 1 0
e 340 341
n 341 1 0
e 341 371
e 341 370
e 341 363
e 341 346
e 341 345
n 342 1 0
e 342 344
n 343 1 0
e 343 344
n 344 1 0
e 344 381
e 344 362
e 344 348
n 345 1 0
e 345 347
n 346 1 0
e 346 347
n 347 1 0
e 347 355
n 348 1 0
e 348 349
n 349 1 0
e 349 354
n 350 1 1
e 350 351
n 351 1 1
e 351 352
n 352 1 0
e 352 353
n 353 1 0
e 353 354
n 354 1 0
e 354 355
n 355 1 0
e 355 385
e 355 384
e 355 377
e 355 360
e 355 359
n 356 1 0
e 356 358
n 357 1 0
e 357 358
n 358 1 0
e 358 395
e 358 376
e 358 362
n 359 1 0
e 359 361
n 360 1 0
e 360 361
n 361 1 0
e 361 369
n 362 1 0
e 362 363
n 363 1 0
e 363 368
n 364 1 1
e 364 365
n 365 1 1
e 365 366
n 366 1 0
e 366 367
n 367 1 0
e 367 368
n 368 1 0
e 368 369
n 369 1 0
e 369 399
e 369 398
e 369 391
e 369 374
e 369 373
n 370 1 0
e 370 372
n 371 1 0
e 371 372
n 372 1 0
e 372 409
e 372 390
e 372 376
n 373 1 0
e 373 375
n 374 1 0
e 374 375
n 375 1 0
e 375 383
n 376 1 0
e 376 377
n 377 1 0
e 377 382
n 378 1 1
e 378 379
n 379 1 1
e 379 380
n 380 1 0
e 380 381
n 381 1 0
e 381 382
n 382 1 0
e 382 383
n 383 1 0
e 383 413
e 383 412
e 383 405
e 383 388
e 383 387
n 384 1 0
e 384 386
n 385 1 0
e 385 386
n 386 1 0
e 386 423
e 386 404
e 386 390
n 387 1 0
e 387 389
n 388 1 0
e 388 389
n 389 1 0
e 389 397
n 390 1 0
e 390 391
n 391 1 0
e 391 396
n 392 1 1
e 392 393
n 393 1 1
e 393 394
n 394 1 0
e 394 395
n 395 1 0
e 395 396
n 396 1 0
e 396 397
n 397 1 0
e 397 427
e 397 426
e 397 419
e 397 402
e 397 401
n 398 1 0
e 398 400
n 399 1 0
e 399 400
n 400 1 0
e 400 437
e 400 418
e 400 404
n 401 1 0
e 401 403
n 402 1 0
e 402 403
n 403 1 0
e 403 411
n 404 1 0
e 404 405
n 405 1 0
e 405 410
n 406 1 1
e 406 407
n 407 1 1
e 407 408
n 408 1 0
e 408 409
n 409 1 0
e 409 410
n 410 1 0
e 410 411
n 411 1 0
e 411 441
e 411 440
e 411 433
e 411 416
e 411 415
n 412 1 0
e 412 414
n 413 1 0
e 413 414
n 414 1 0
e 414 451
e 414 432
e 414 418
n 415 1 0
e 415 417
n 416 1 0
e 416 417
n 417 1 0
e 417 425
n 418 1 0
e 418 419
n 419 1 0
e 419 424
n 420 1 1
e 420 421
n 421 1 1
e 421 422
n 422 1 0
e 422 423
n 423 1 0
e 423 424
n 424 1 0
e 424 425
n 425 1 0
e 425 455
e 425 454
e 425 447
e 425 430
e 425 429
n 426 1 0
e 426 428
n 427 1 0
e 427 428
n 428 1 0
e 428 465
e 428 446
e 428 432
n 429 1 0
e 429 431
n 430 1 0
e 430 431
n 431 1 0
e 431 439
n 432 1 0
e 432 433
n 433 1 0
e 433 438
n 434 1 1
e 434 435
n 435 1 1
e 435 436
n 436 1 0
e 436 437
n 437 1 0
e 437 438
n 438 1 0
e 438 439
n 439 1 0
e 439 469
e 439 468
e 439 461
e 439 444
e 439 443
n 440 1 0
e 440 442
n 441 1 0
e 441 442
n 442 1 0
e 442 479
e 442 460
e 442 446
n 443 1 0
e 443 445
n 444 1 0
e 444 445
n 445 1 0
e 445 453
n 446 1 0
e 446 447
n 447 1 0
e 447 452
n 448 1 1
e 448 449
n 449 1 1
e 449 450
n 450 1 0
e 450 451
n 451 1 0
e 451 452
n 452 1 0
e 452 453
n 453 1 0
e 453 483
e 453 482
e 453 475
e 453 458
e 453 457
n 454 1 0
e 454 456
n 455 1 0
e 455 456
n 456 1 0
e 456 493
e 456 474
e 456 460
n 457 1 0
e 457 459
n 458 1 0
e 458 459
n 459 1 0
e 459 467
n 460 1 0
e 460 461
n 461 1 0
e 461 466
n 462 1 1
e 462 463
n 463 1 1
e 463 464
n 464 1 0
e 464 465
n 465 1 0
e 465 466
n 466 1 0
e 466 467
n 467 1 0
e 467 497
e 467 496
e 467 489
e 467 472
e 467 471
n 468 1 0
e 468 470
n 469 1 0
e 469 470
n 470 1 0
e 470 507
e 470 488
e 470 474
n 471 1 0
e 471 473
n 472 1 0
e 472 473
n 473 1 0
e 473 481
n 474 1 0
e 474 475
n 475 1 0
e 475 480
n 476 1 1
e 476 477
n 477 1 1
e 477 478
n 478 1 0
e 478 479
n 479 1 0
e 479 480
n 480 1 0
e 480 481
n 481 1 0
e 481 511
e 481 510
e 481 503
e 481 486
e 481 485
n 482 1 0
e 482 484
n 483 1 0
e 483 484
n 484 1 0
e 484 521
e 484 502
e 484 488
n 485 1 0
e 485 487
n 486 1 0
e 486 487
n 487 1 0
e 487 495
n 488 1 0
e 488 489
n 489 1 0
e 489 494
n 490 1 1
e 490 491
n 491 1 1
e 491 492
n 492 1 0
e 492 493
n 493 1 0
e 493 494
n 494 1 0
e 494 495
n 495 1 0
e 495 525
e 495 524
e 495 517
e 495 500
e 495 499
n 496 1 0
e 496 498
n 497 1 0
e 497 498
n 498 1 0
e 498 535
e 498 516
e 498 502
n 499 1 0
e 499 501
n 500 1 0
e 500 501
n 501 1 0
e 501 509
n 502 1 0
e 502 503
n 503 1 0
e 503 508
n 504 1 1
e 504 505
n 505 1 1
e 505 506
n 506 1 0
e 506 507
n 507 1 0
e 507 508
n 508 1 0
e 508 509
n 509 1 0
e 509 539
e 509 538
e 509 531
e 509 514
e 509 513
n 510 1 0
e 510 512
n 511 1 0
e 511 512
n 512 1 0
e 512 549
e 512 530
e 512 516
n 513 1 0
e 513 515
n 514 1 0
e 514 515
n 515 1 0
e 515 523
n 516 1 0
e 516 517
n 517 1 0
e 517 522
n 518 1 1
e 518 519
n 519 1 1
e 519 520
n 520 1 0
e 520 521
n 521 1 0
e 521 522
n 522 1 0
e 522 523
n 523 1 0
e 523 553
e 523 552
e 523 545
e 523 528
e 523 527
n 524 1 0
e 524 526
n 525 1 0
e 525 526
n 526 1 0
e 526 563
e 526 544
e 526 530
n 527 1 0
e 527 529
n 528 1 0
e 528 529
n 529 1 0
e 529 537
n 530 1 0
e 530 531
n 531 1 0
e 531 536
n 532 1 1
e 532 533
n 533 1 1
e 533 534
n 534 1 0
e 534 535
n 535 1 0
e 535 536
n 536 1 0
e 536 537
n 537 1 0
e 537 567
e 537 566
e 537 559
e 537 542
e 537 541
n 538 1 0
e 538 540
n 539 1 0
e 539 540
n 540 1 0
e 540 577
e 540 558
e 540 544
n 541 1 0
e 541 543
n 542 1 0
e 542 543
n 543 1 0
e 543 551
n 544 1 0
e 544 545
n 545 1 0
e 545 550
n 546 1 1
e 546 547
n 547 1 1
e 547 548
n 548 1 0
e 548 549
n 549 1 0
e 549 550
n 550 1 0
e 550 551
n 551 1 0
e 551 581
e 551 580
e 551 573
e 551 556
e 551 555
n 552 1 0
e 552 554
n 553 1 0
e 553 554
n 554 1 0
e 554 591
e 554 572
e 554 558
n 555 1 0
e 555 557
n 556 1 0
e 556 557
n 557 1 0
e 557 565
n 558 1 0
e 558 559
n 559 1 0
e 559 564
n 560 1 1
e 560 561
n 561 1 1
e 561 562
n 562 1 0
e 562 563
n 563 1 0
e 563 564
n 564 1 0
e 564 565
n 565 1 0
e 565 595
e 565 594
e 565 587
e 565 570
e 565 569
n 566 1 0
e 566 568
n 567 1 0
e 567 568
n 568 1 0
e 568 605
e 568 586
e 568 572
n 569 1 0
e 569 571
n 570 1 0
e 570 571
n 571 1 0
e 571 579
n 572 1 0
e 572 573
n 573 1 0
e 573 578
n 574 1 1
e 574 575
n 575 1 1
e 575 576
n 576 1 0
e 576 577
n 577 1 0
e 577 578
n 578 1 0
e 578 579
n 579 1 0
e 579 609
e 579 608
e 579 601
e 579 584
e 579 583
n 580 1 0
e 580 582
n 581 1 0
e 581 582
n 582 1 0
e 582 621
e 582 600
e 582 586
n 583 1 0
e 583 585
n 584 1 0
e 584 585
n 585 1 0
e 585 593
n 586 1 0
e 586 587
n 587 1 0
e 587 592
n 588 1 1
e 588 589
n 589 1 1
e 589 590
n 590 1 0
e 590 591
n 591 1 0
e 591 592
n 592 1 0
e 592 593
n 593 1 0
e 593 625
e 593 624
e 593 615
e 593 598
e 593 597
n 594 1 0
e 594 596
n 595 1 0
e 595 596
n 596 1 0
e 596 637
e 596 616
e 596 614
e 596 600
n 597 1 0
e 597 599
n 598 1 0
e 598 599
n 599 1 0
e 599 607
n 600 1 0
e 600 601
n 601 1 0
e 601 606
n 602 1 1
e 602 603
n 603 1 1
e 603 604
n 604 1 0
e 604 605
n 605 1 0
e 605 606
n 606 1 0
e 606 607
n 607 1 0
e 607 641
e 607 640
e 607 631
e 607 612
e 607 611
n 608 1 0
e 608 610
n 609 1 0
e 609 610
n 610 1 0
e 610 653
e 610 632
e 610 630
e 610 616
e 610 614
n 611 1 0
e 611 613
n 612 1 0
e 612 613
n 613 1 0
e 613 623
n 614 1 0
e 614 615
n 615 1 0
e 615 617
n 616 1 0
e 616 617
n 617 1 0
e 617 622
n 618 1 1
e 618 619
n 619 1 1
e 619 620
n 620 1 0
e 620 621
n 621 1 0
e 621 622
n 622 1 0
e 622 623
n 623 1 0
e 623 657
e 623 656
e 623 647
e 623 628
e 623 627
n 624 1 0
e 624 626
n 625 1 0
e 625 626
n 626 1 0
e 626 669
e 626 648
e 626 646
e 626 632
e 626 630
n 627 1 0
e 627 629
n 628 1 0
e 628 629
n 629 1 0
e 629 639
n 630 1 0
e 630 631
n 631 1 0
e 631 633
n 632 1 0
e 632 633
n 633 1 0
e 633 638
n 634 1 1
e 634 635
n 635 1 1
e 635 636
n 636 1 0
e 636 637
n 637 1 0
e 637 638
n 638 1 0
e 638 639
n 639 1 0
e 639 673
e 639 672
e 639 663
e 639 644
e 639 643
n 640 1 0
e 640 642
n 641 1 0
e 641 642
n 642 1 0
e 642 685
e 642 664
e 642 662
e 642 648
e 642 646
n 643 1 0
e 643 645
n 644 1 0
e 644 645
n 645 1 0
e 645 655
n 646 1 0
e 646 647
n 647 1 0
e 647 649
n 648 1 0
e 648 649
n 649 1 0
e 649 654
n 650 1 1
e 650 651
n 651 1 1
e 651 652
n 652 1 0
e 652 653
n 653 1 0
e 653 654
n 654 1 0
e 654 655
n 655 1 0
e 655 689
e 655 688
e 655 679
e 655 660
e 655 659
n 656 1 0
e 656 658
n 657 1 0
e 657 658
n 658 1 0
e 658 701
e 658 680
e 658 678
e 658 664
e 658 662
n 659 1 0
e 659 661
n 660 1 0
e 660 661
n 661 1 0
e 661 671
n 662 1 0
e 662 663
n 663 1 0
e 663 665
n 664 1 0
e 664 665
n 665 1 0
e 665 670
n 666 1 1
e 666 667
n 667 1 1
e 667 668
n 668 1 0
e 668 669
n 669 1 0
e 669 670
n 670 1 0
e 670 671
n 671 1 0
e 671 705
e 671 704
e 671 695
e 671 676
e 671 675
n 672 1 0
e 672 674
n 673 1 0
e 673 674
n 674 1 0
e 674 717
e 674 696
e 674 694
e 674 680
e 674 678
n 675 1 0
e 675 677
n 676 1 0
e 676 677
n 677 1 0
e 677 687
n 678 1 0
e 678 679
n 679 1 0
e 679 681
n 680 1 0
e 680 681
n 681 1 0
e 681 686
n 682 1 1
e 682 683
n 683 1 1
e 683 684
n 684 1 0
e 684 685
n 685 1 0
e 685 686
n 686 1 0
e 686 687
n 687 1 0
e 687 721
e 687 720
e 687 711
e 687 692
e 687 691
n 688 1 0
e 688 690
n 689 1 0
e 689 690
n 690 1 0
e 690 733
e 690 712
e 690 710
e 690 696
e 690 694
n 691 1 0
e 691 693
n 692 1 0
e 692 693
n 693 1 0
e 693 703
n 694 1 0
e 694 695
n 695 1 0
e 695 697
n 696 1 0
e 696 697
n 697 1 0
e 697 702
n 698 1 1
e 698 699
n 699 1 1
e 699 700
n 700 1 0
e 700 701
n 701 1 0
e 701 702
n 702 1 0
e 702 703
n 703 1 0
e 703 737
e 703 736
e 703 727
e 703 708
e 703 707
n 704 1 0
e 704 706
n 705 1 0
e 705 706
n 706 1 0
e 706 749
e 706 728
e 706 726
e 706 712
e 706 710
n 707 1 0
e 707 709
n 708 1 0
e 708 709
n 709 1 0
e 709 719
n 710 1 0
e 710 711
n 711 1 0
e 711 713
n 712 1 0
e 712 713
n 713 1 0
e 713 718
n 714 1 1
e 714 715
n 715 1 1
e 715 716
n 716 1 0
e 716 717
n 717 1 0
e 717 718
n 718 1 0
e 718 719
n 719 1 0
e 719 753
e 719 752
e 719 743
e 719 724
e 719 723
n 720 1 0
e 720 722
n 721 1 0
e 721 722
n 722 1 0
e 722 765
e 722 744
e 722 742
e 722 728
e 722 726
n 723 1 0
e 723 725
n 724 1 0
e 724 725
n 725 1 0
e 725 735
n 726 1 0
e 726 727
n 727 1 0
e 727 729
n 728 1 0
e 728 729
n 729 1 0
e 729 734
n 730 1 1
e 730 731
n 731 1 1
e 731 732
n 732 1 0
e 732 733
n 733 1 0
e 733 734
n 734 1 0
e 734 735
n 735 1 0
e 735 769
e 735 768
e 735 759
e 735 740
e 735 739
n 736 1 0
e 736 738
n 737 1 0
e 737 738
n 738 1 0
e 738 781
e 738 760
e 738 758
e 738 744
e 738 742
n 739 1 0
e 739 741
n 740 1 0
e 740 741
n 741 1 0
e 741 751
n 742 1 0
e 742 743
n 743 1 0
e 743 745
n 744 1 0
e 744 745
n 745 1 0
e 745 750
n 746 1 1
e 746 747
n 747 1 1
e 747 748
n 748 1 0
e 748 749
n 749 1 0
e 749 750
n 750 1 0
e 750 751
n 751 1 0
e 751 785
e 751 784
e 751 775
e 751 756
e 751 755
n 752 1 0
e 752 754
n 753 1 0
e 753 754
n 754 1 0
e 754 797
e 754 776
e 754 774
e 754 760
e 754 758
n 755 1 0
e 755 757
n 756 1 0
e 756 757
n 757 1 0
e 757 767
n 758 1 0
e 758 759
n 759 1 0
e 759 761
n 760 1 0
e 760 761
n 761 1 0
e 761 766
n 762 1 1
e 762 763
n 763 1 1
e 763 764
n 764 1 0
e 764 765
n 765 1 0
e 765 766
n 766 1 0
e 766 767
n 767 1 0
e 767 801
e 767 800
e 767 791
e 767 772
e 767 771
n 768 1 0
e 768 770
n 769 1 0
e 769 770
n 770 1 0
e 770 813
e 770 792
e 770 790
e 770 776
e 770 774
n 771 1 0
e 771 773
n 772 1 0
e 772 773
n 773 1 0
e 773 783
n 774 1 0
e 774 775
n 775 1 0
e 775 777
n 776 1 0
e 776 777
n 777 1 0
e 777 782
n 778 1 1
e 778 779
n 779 1 1
e 779 780
n 780 1 0
e 780 781
n 781 1 0
e 781 782
n 782 1 0
e 782 783
n 783 1 0
e 783 817
e 783 816
e 783 807
e 783 788
e 783 787
n 784 1 0
e 784 786
n 785 1 0
e 785 786
n 786 1 0
e 786 829
e 786 808
e 786 806
e 786 792
e 786 790
n 787 1 0
e 787 789
n 788 1 0
e 788 789
n 789 1 0
e 789 799
n 790 1 0
e 790 791
n 791 1 0
e 791 793
n 792 1 0
e 792 793
n 793 1 0
e 793 798
n 794 1 1
e 794 795
n 795 1 1
e 795 796
n 796 1 0
e 796 797
n 797 1 0
e 797 798
n 798 1 0
e 798 799
n 799 1 0
e 799 833
e 799 832
e 799 823
e 799 804
e 799 803
n 800 1 0
e 800 802
n 801 1 0
e 801 802
n 802 1 0
e 802 845
e 802 824
e 802 822
e 802 808
e 802 806
n 803 1 0
e 803 805
n 804 1 0
e 804 805
n 805 1 0
e 805 815
n 806 1 0
e 806 807
n 807 1 0
e 807 809
n 808 1 0
e 808 809
n 809 1 0
e 809 814
n 810 1 1
e 810 811
n 811 1 1
e 811 812
n 812 1 0
e 812 813
n 813 1 0
e 813 814
n 814 1 0
e 814 815
n 815 1 0
e 815 849
e 815 848
e 815 839
e 815 820
e 815 819
n 816 1 0
e 816 818
n 817 1 0
e 817 818
n 818 1 0
e 818 861
e 818 840
e 818 838
e 818 824
e 818 822
n 819 1 0
e 819 821
n 820 1 0
e 820 821
n 821 1 0
e 821 831
n 822 1 0
e 822 823
n 823 1 0
e 823 825
n 824 1 0
e 824 825
n 825 1 0
e 825 830
n 826 1 1
e 826 827
n 827 1 1
e 827 828
n 828 1 0
e 828 829
n 829 1 0
e 829 830
n 830 1 0
e 830 831
n 831 1 0
e 831 865
e 831 864
e 831 855
e 831 836
e 831 835
n 832 1 0
e 832 834
n 833 1 0
e 833 834
n 834 1 0
e 834 877
e 834 856
e 834 854
e 834 840
e 834 838
n 835 1 0
e 835 837
n 836 1 0
e 836 837
n 837 1 0
e 837 847
n 838 1 0
e 838 839
n 839 1 0
e 839 841
n 840 1 0
e 840 841
n 841 1 0
e 841 846
n 842 1 1
e 842 843
n 843 1 1
e 843 844
n 844 1 0
e 844 845
n 845 1 0
e 845 846
n 846 1 0
e 846 847
n 847 1 0
e 847 881
e 847 880
e 847 871
e 847 852
e 847 851
n 848 1 0
e 848 850
n 849 1 0
e 849 850
n 850 1 0
e 850 893
e 850 872
e 850 870
e 850 856
e 850 854
n 851 1 0
e 851 853
n 852 1 0
e 852 853
n 853 1 0
e 853 863
n 854 1 0
e 854 855
n 855 1 0
e 855 857
n 856 1 0
e 856 857
n 857 1 0
e 857 862
n 858 1 1
e 858 859
n 859 1 1
e 859 860
n 860 1 0
e 860 861
n 861 1 0
e 861 862
n 862 1 0
e 862 863
n 863 1 0
e 863 897
e 863 896
e 863 887
e 863 868
e 863 867
n 864 1 0
e 864 866
n 865 1 0
e 865 866
n 866 1 0
e 866 909
e 866 888
e 866 886
e 866 872
e 866 870
n 867 1 0
e 867 869
n 868 1 0
e 868 869
n 869 1 0
e 869 879
n 870 1 0
e 870 871
n 871 1 0
e 871 873
n 872 1 0
e 872 873
n 873 1 0
e 873 878
n 874 1 1
e 874 875
n 875 1 1
e 875 876
n 876 1 0
e 876 877
n 877 1 0
e 877 878
n 878 1 0
e 878 879
n 879 1 0
e 879 913
e 879 912
e 879 903
e 879 884
e 879 883
n 880 1 0
e 880 882
n 881 1 0
e 881 882
n 882 1 0
e 882 925
e 882 904
e 882 902
e 882 888
e 882 886
n 883 1 0
e 883 885
n 884 1 0
e 884 885
n 885 1 0
e 885 895
n 886 1 0
e 886 887
n 887 1 0
e 887 889
n 888 1 0
e 888 889
n 889 1 0
e 889 894
n 890 1 1
e 890 891
n 891 1 1
e 891 892
n 892 1 0
e 892 893
n 893 1 0
e 893 894
n 894 1 0
e 894 895
n 895 1 0
e 895 929
e 895 928
e 895 919
e 895 900
e 895 899
n 896 1 0
e 896 898
n 897 1 0
e 897 898
n 898 1 0
e 898 939
e 898 920
e 898 918
e 898 904
e 898 902
n 899 1 0
e 899 901
n 900 1 0
e 900 901
n 901 1 0
e 901 911
n 902 1 0
e 902 903
n 903 1 0
e 903 905
n 904 1 0
e 904 905
n 905 1 0
e 905 910
n 906 1 1
e 906 907
n 907 1 1
e 907 908
n 908 1 0
e 908 909
n 909 1 0
e 909 910
n 910 1 0
e 910 911
n 911 1 0
e 911 943
e 911 942
e 911 935
e 911 916
e 911 915
n 912 1 0
e 912 914
n 913 1 0
e 913 914
n 914 1 0
e 914 953
e 914 934
e 914 920
e 914 918
n 915 1 0
e 915 917
n 916 1 0
e 916 917
n 917 1 0
e 917 927
n 918 1 0
e 918 919
n 919 1 0
e 919 921
n 920 1 0
e 920 921
n 921 1 0
e 921 926
n 922 1 1
e 922 923
n 923 1 1
e 923 924
n 924 1 0
e 924 925
n 925 1 0
e 925 926
n 926 1 0
e 926 927
n 927 1 0
e 927 957
e 927 956
e 927 949
e 927 932
e 927 931
n 928 1 0
e 928 930
n 929 1 0
e 929 930
n 930 1 0
e 930 967
e 930 948
e 930 934
n 931 1 0
e 931 933
n 932 1 0
e 932 933
n 933 1 0
e 933 941
n 934 1 0
e 934 935
n 935 1 0
e 935 940
n 936 1 1
e 936 937
n 937 1 1
e 937 938
n 938 1 0
e 938 939
n 939 1 0
e 939 940
n 940 1 0
e 940 941
n 941 1 0
e 941 971
e 941 970
e 941 963
e 941 946
e 941 945
n 942 1 0
e 942 944
n 943 1 0
e 943 944
n 944 1 0
e 944 981
e 944 962
e 944 948
n 945 1 0
e 945 947
n 946 1 0
e 946 947
n 947 1 0
e 947 955
n 948 1 0
e 948 949
n 949 1 0
e 949 954
n 950 1 1
e 950 951
n 951 1 1
e 951 952
n 952 1 0
e 952 953
n 953 1 0
e 953 954
n 954 1 0
e 954 955
n 955 1 0
e 955 985
e 955 984
e 955 977
e 955 960
e 955 959
n 956 1 0
e 956 958
n 957 1 0
e 957 958
n 958 1 0
e 958 995
e 958 976
e 958 962
n 959 1 0
e 959 961
n 960 1 0
e 960 961
n 961 1 0
e 961 969
n 962 1 0
e 962 963
n 963 1 0
e 963 968
n 964 1 1
e 964 965
n 965 1 1
e 965 966
n 966 1 0
e 966 967
n 967 1 0
e 967 968
n 968 1 0
e 968 969
n 969 1 0
e 969 999
e 969 998
e 969 991
e 969 974
e 969 973
n 970 1 0
e 970 972
n 971 1 0
e 971 972
n 972 1 0
e 972 1009
e 972 990
e 972 976
n 973 1 0
e 973 975
n 974 1 0
e 974 975
n 975 1 0
e 975 983
n 976 1 0
e 976 977
n 977 1 0
e 977 982
n 978 1 1
e 978 979
n 979 1 1
e 979 980
n 980 1 0
e 980 981
n 981 1 0
e 981 982
n 982 1 0
e 982 983
n 983 1 0
e 983 1013
e 983 1012
e 983 1005
e 983 988
e 983 987
n 984 1 0
e 984 986
n 985 1 0
e 985 986
n 986 1 0
e 986 1023
e 986 1004
e 986 990
n 987 1 0
e 987 989
n 988 1 0
e 988 989
n 989 1 0
e 989 997
n 990 1 0
e 990 991
n 991 1 0
e 991 996
n 992 1 1
e 992 993
n 993 1 1
e 993 994
n 994 1 0
e 994 995
n 995 1 0
e 995 996
n 996 1 0
e 996 997
n 997 1 0
e 997 1027
e 997 1026
e 997 1019
e 997 1002
e 997 1001
n 998 1 0
e 998 1000
n 999 1 0
e 999 1000
n 1000 1 0
e 1000 1037
e 1000 1018
e 1000 1004
n 1001 1 0
e 1001 1003
n 1002 1 0
e 1002 1003
n 1003 1 0
e 1003 1011
n 1004 1 0
e 1004 1005
n 1005 1 0
e 1005 1010
n 1006 1 1
e 1006 1007
n 1007 1 1
e 1007 1008
n 1008 1 0
e 1008 1009
n 1009 1 0
e 1009 1010
n 1010 1 0
e 1010 1011
n 1011 1 0
e 1011 1041
e 1011 1040
e 1011 1033
e 1011 1016
e 1011 1015
n 1012 1 0
e 1012 1014
n 1013 1 0
e 1013 1014
n 1014 1 0
e 1014 1051
e 1014 1032
e 1014 1018
n 1015 1 0
e 1015 1017
n 1016 1 0
e 1016 1017
n 1017 1 0
e 1017 1025
n 1018 1 0
e 1018 1019
n 1019 1 0
e 1019 1024
n 1020 1 1
e 1020 1021
n 1021 1 1
e 1021 1022
n 1022 1 0
e 1022 1023
n 1023 1 0
e 1023 1024
n 1024 1 0
e 1024 1025
n 1025 1 0
e 1025 1055
e 1025 1054
e 1025 1047
e 1025 1030
e 1025 1029
n 1026 1 0
e 1026 1028
n 1027 1 0
e 1027 1028
n 1028 1 0
e 1028 1065
e 1028 1046
e 1028 1032
n 1029 1 0
e 1029 1031
n 1030 1 0
e 1030 1031
n 1031 1 0
e 1031 1039
n 1032 1 0
e 1032 1033
n 1033 1 0
e 1033 1038
n 1034 1 1
e 1034 1035
n 1035 1 1
e 1035 1036
n 1036 1 0
e 1036 1037
n 1037 1 0
e 1037 1038
n 1038 1 0
e 1038 1039
n 1039 1 0
e 1039 1069
e 1039 1068
e 1039 1061
e 1039 1044
e 1039 1043
n 1040 1 0
e 1040 1042
n 1041 1 0
e 1041 1042
n 1042 1 0
e 1042 1079
e 1042 1060
e 1042 1046
n 1043 1 0
e 1043 1045
n 1044 1 0
e 1044 1045
n 1045 1 0
e 1045 1053
n 1046 1 0
e 1046 1047
n 1047 1 0
e 1047 1052
n 1048 1 1
e 1048 1049
n 1049 1 1
e 1049 1050
n 1050 1 0
e 1050 1051
n 1051 1 0
e 1051 1052
n 1052 1 0
e 1052 1053
n 1053 1 0
e 1053 1083
e 1053 1082
e 1053 1075
e 1053 1058
e 1053 1057
n 1054 1 0
e 1054 1056
n 1055 1 0
e 1055 1056
n 1056 1 0
e 1056 1093
e 1056 1074
e 1056 1060
n 1057 1 0
e 1057 1059
n 1058 1 0
e 1058 1059
n 1059 1 0
e 1059 1067
n 1060 1 0
e 1060 1061
n 1061 1 0
e 1061 1066
n 1062 1 1
e 1062 1063
n 1063 1 1
e 1063 1064
n 1064 1 0
e 1064 1065
n 1065 1 0
e 1065 1066
n 1066 1 0
e 1066 1067
n 1067 1 0
e 1067 1097
e 1067 1096
e 1067 1089
e 1067 1072
e 1067 1071
n 1068 1 0
e 1068 1070
n 1069 1 0
e 1069 1070
n 1070 1 0
e 1070 1107
e 1070 1088
e 1070 1074
n 1071 1 0
e 1071 1073
n 1072 1 0
e 1072 1073
n 1073 1 0
e 1073 1081
n 1074 1 0
e 1074 1075
n 1075 1 0
e 1075 1080
n 1076 1 1
e 1076 1077
n 1077 1 1
e 1077 1078
n 1078 1 0
e 1078 1079
n 1079 1 0
e 1079 1080
n 1080 1 0
e 1080 1081
n 1081 1 0
e 1081 1111
e 1081 1110
e 1081 1103
e 1081 1086
e 1081 1085
n 1082 1 0
e 1082 1084
n 1083 1 0
e 1083 1084
n 1084 1 0
e 1084 1121
e 1084 1102
e 1084 1088
n 1085 1 0
e 1085 1087
n 1086 1 0
e 1086 1087
n 1087 1 0
e 1087 1095
n 1088 1 0
e 1088 1089
n 1089 1 0
e 1089 1094
n 1090 1 1
e 1090 1091
n 1091 1 1
e 1091 1092
n 1092 1 0
e 1092 1093
n 1093 1 0
e 1093 1094
n 1094 1 0
e 1094 1095
n 1095 1 0
e 1095 1125
e 1095 1124
e 1095 1117
e 1095 1100
e 1095 1099
n 1096 1 0
e 1096 1098
n 1097 1 0
e 1097 1098
n 1098 1 0
e 1098 1135
e 1098 1116
e 1098 1102
n 1099 1 0
e 1099 1101
n 1100 1 0
e 1100 1101
n 1101 1 0
e 1101 1109
n 1102 1 0
e 1102 1103
n 1103 1 0
e 1103 1108
n 1104 1 1
e 1104 1105
n 1105 1 1
e 1105 1106
n 1106 1 0
e 1106 1107
n 1107 1 0
e 1107 1108
n 1108 1 0
e 1108 1109
n 1109 1 0
e 1109 1139
e 1109 1138
e 1109 1131
e 1109 1114
e 1109 1113
n 1110 1 0
e 1110 1112
n 1111 1 0
e 1111 1112
n 1112 1 0
e 1112 1149
e 1112 1130
e 1112 1116
n 1113 1 0
e 1113 1115
n 1114 1 0
e 1114 1115
n 1115 1 0
e 1115 1123
n 1116 1 0
e 1116 1117
n 1117 1 0
e 1117 1122
n 1118 1 1
e 1118 1119
n 1119 1 1
e 1119 1120
n 1120 1 0
e 1120 1121
n 1121 1 0
e 1121 1122
n 1122 1 0
e 1122 1123
n 1123 1 0
e 1123 1153
e 1123 1152
e 1123 1145
e 1123 1128
e 1123 1127
n 1124 1 0
e 1124 1126
n 1125 1 0
e 1125 1126
n 1126 1 0
e 1126 1163
e 1126 1144
e 1126 1130
n 1127 1 0
e 1127 1129
n 1128 1 0
e 1128 1129
n 1129 1 0
e 1129 1137
n 1130 1 0
e 1130 1131
n 1131 1 0
e 1131 1136
n 1132 1 1
e 1132 1133
n 1133 1 1
e 1133 1134
n 1134 1 0
e 1134 1135
n 1135 1 0
e 1135 1136
n 1136 1 0
e 1136 1137
n 1137 1 0
e 1137 1167
e 1137 1166
e 1137 1159
e 1137 1142
e 1137 1141
n 1138 1 0
e 1138 1140
n 1139 1 0
e 1139 1140
n 1140 1 0
e 1140 1177
e 1140 1158
e 1140 1144
n 1141 1 0
e 1141 1143
n 1142 1 0
e 1142 1143
n 1143 1 0
e 1143 1151
n 1144 1 0
e 1144 1145
n 1145 1 0
e 1145 1150
n 1146 1 1
e 1146 1147
n 1147 1 1
e 1147 1148
n 1148 1 0
e 1148 1149
n 1149 1 0
e 1149 1150
n 1150 1 0
e 1150 1151
n 1151 1 0
e 1151 1181
e 1151 1180
e 1151 1173
e 1151 1156
e 1151 1155
n 1152 1 0
e 1152 1154
n 1153 1 0
e 1153 1154
n 1154 1 0
e 1154 1191
e 1154 1172
e 1154 1158
n 1155 1 0
e 1155 1157
n 1156 1 0
e 1156 1157
n 1157 1 0
e 1157 1165
n 1158 1 0
e 1158 1159
n 1159 1 0
e 1159 1164
n 1160 1 1
e 1160 1161
n 1161 1 1
e 1161 1162
n 1162 1 0
e 1162 1163
n 1163 1 0
e 1163 1164
n 1164 1 0
e 1164 1165
n 1165 1 0
e 1165 1195
e 1165 1194
e 1165 1187
e 1165 1170
e 1165 1169
n 1166 1 0
e 1166 1168
n 1167 1 0
e 1167 1168
n 1168 1 0
e 1168 1209
e 1168 1186
e 1168 1172
n 1169 1 0
e 1169 1171
n 1170 1 0
e 1170 1171
n 1171 1 0
e 1171 1179
n 1172 1 0
e 1172 1173
n 1173 1 0
e 1173 1178
n 1174 1 1
e 1174 1175
n 1175 1 1
e 1175 1176
n 1176 1 0
e 1176 1177
n 1177 1 0
e 1177 1178
n 1178 1 0
e 1178 1179
n 1179 1 0
e 1179 1205
e 1179 1204
e 1179 1201
e 1179 1184
e 1179 1183
n 1180 1 0
e 1180 1182
n 1181 1 0
e 1181 1182
n 1182 1 0
e 1182 1223
e 1182 1200
e 1182 1186
n 1183 1 0
e 1183 1185
n 1184 1 0
e 1184 1185
n 1185 1 0
e 1185 1193
n 1186 1 0
e 1186 1187
n 1187 1 0
e 1187 1192
n 1188 1 1
e 1188 1189
n 1189 1 1
e 1189 1190
n 1190 1 0
e 1190 1191
n 1191 1 0
e 1191 1192
n 1192 1 0
e 1192 1193
n 1193 1 0
e 1193 1214
e 1193 1198
e 1193 1197
n 1194 1 0
e 1194 1196
n 1195 1 0
e 1195 1196
n 1196 1 0
e 1196 1220
e 1196 1200
n 1197 1 0
e 1197 1199
n 1198 1 0
e 1198 1199
n 1199 1 0
e 1199 1211
n 1200 1 0
e 1200 1201
n 1201 1 0
e 1201 1210
n 1202 1 1
e 1202 1203
n 1203 1 1
e 1203 1208
n 1204 1 0
e 1204 1206
n 1205 1 0
e 1205 1206
n 1206 1 0
e 1206 1217
n 1207 1 0
e 1207 1208
n 1208 1 0
e 1208 1209
n 1209 1 0
e 1209 1210
n 1210 1 0
e 1210 1211
n 1211 1 0
e 1211 1212
n 1212 1 1
n 1213 1 1
e 1213 1214
n 1214 1 0
e 1214 1215
n 1215 1 1
n 1216 1 1
e 1216 1217
n 1217 1 0
e 1217 1218
n 1218 1 1
n 1219 1 1
e 1219 1220
n 1220 1 0
e 1220 1221
n 1221 1 1
n 1222 1 1
e 1222 1223
n 1223 1 0
e 1223 1224
n 1224 1 1
n 1225 1 1
n 1226 0 1
e 1226 1202
e 1226 1188
e 1226 1174
e 1226 1160
e 1226 1146
e 1226 1132
e 1226 1118
e 1226 1104
e 1226 1090
e 1226 1076
e 1226 1062
e 1226 1048
e 1226 1034
e 1226 1020
e 1226 1006
e 1226 992
e 1226 978
e 1226 964
e 1226 950
e 1226 936
e 1226 922
e 1226 906
e 1226 890
e 1226 874
e 1226 858
e 1226 842
e 1226 826
e 1226 810
e 1226 794
e 1226 778
e 1226 762
e 1226 746
e 1226 730
e 1226 714
e 1226 698
e 1226 682
e 1226 666
e 1226 650
e 1226 634
e 1226 618
e 1226 602
e 1226 588
e 1226 574
e 1226 560
e 1226 546
e 1226 532
e 1226 518
e 1226 504
e 1226 490
e 1226 476
e 1226 462
e 1226 448
e 1226 434
e 1226 420
e 1226 406
e 1226 392
e 1226 378
e 1226 364
e 1226 350
e 1226 336
e 1226 322
e 1226 306
e 1226 290
e 1226 274
e 1226 258
e 1226 242
e 1226 226
e 1226 210
e 1226 194
e 1226 178
e 1226 162
e 1226 146
e 1226 130
e 1226 114
e 1226 98
e 1226 82
e 1226 66
e 1226 50
e 1226 34
e 1226 18
