p convex 189 258 lencod_computeSATD_for.body14.11803 188442
n 1 1 1
e 1 2
n 2 1 0
e 2 5
n 3 1 0
e 3 4
n 4 1 0
e 4 5
n 5 1 0
e 5 18
e 5 9
n 6 1 1
e 6 13
e 6 12
n 7 1 1
e 7 16
e 7 15
n 8 1 1
e 8 20
n 9 1 0
e 9 11
e 9 10
n 10 1 0
e 10 11
n 11 1 0
e 11 13
e 11 12
n 12 1 0
e 12 13
n 13 1 0
e 13 14
n 14 1 0
e 14 63
e 14 49
e 14 40
e 14 31
e 14 26
n 15 1 0
e 15 16
n 16 1 0
e 16 17
n 17 1 0
e 17 24
n 18 1 0
e 18 19
n 19 1 0
e 19 22
n 20 1 1
e 20 21
n 21 1 1
e 21 22
n 22 1 1
e 22 23
n 23 1 1
e 23 24
n 24 1 1
e 24 25
n 25 1 1
e 25 161
e 25 152
e 25 143
e 25 136
e 25 125
e 25 116
e 25 107
e 25 100
e 25 89
e 25 80
e 25 71
e 25 64
e 25 50
e 25 41
e 25 32
e 25 26
n 26 1 1
e 26 33
n 27 1 1
e 27 30
n 28 1 0
e 28 29
n 29 1 1
e 29 39
n 30 1 1
e 30 34
n 31 1 0
e 31 32
n 32 1 1
e 32 42
n 33 1 1
e 33 34
n 34 1 0
e 34 36
n 35 1 1
e 35 45
n 36 1 1
n 37 1 0
e 37 38
n 38 1 1
e 38 48
n 39 1 1
e 39 43
n 40 1 0
e 40 41
n 41 1 1
e 41 51
n 42 1 1
e 42 43
n 43 1 0
e 43 45
n 44 1 1
e 44 54
n 45 1 1
n 46 1 0
e 46 47
n 47 1 1
e 47 55
n 48 1 1
e 48 52
n 49 1 0
e 49 50
n 50 1 1
e 50 56
n 51 1 1
e 51 52
n 52 1 0
e 52 54
n 53 1 1
e 53 59
n 54 1 1
n 55 1 1
e 55 57
n 56 1 1
e 56 57
n 57 1 0
e 57 59
n 58 1 1
e 58 75
n 59 1 1
n 60 1 1
e 60 61
n 61 1 0
e 61 62
n 62 1 0
e 62 135
e 62 99
e 62 63
n 63 1 0
e 63 99
e 63 88
e 63 79
e 63 70
e 63 64
n 64 1 1
e 64 72
n 65 1 0
e 65 101
e 65 85
e 65 76
e 65 67
e 65 66
n 66 1 1
e 66 69
n 67 1 0
e 67 68
n 68 1 1
e 68 78
n 69 1 1
e 69 73
n 70 1 0
e 70 71
n 71 1 1
e 71 81
n 72 1 1
e 72 73
n 73 1 0
e 73 75
n 74 1 1
e 74 84
n 75 1 1
n 76 1 0
e 76 77
n 77 1 1
e 77 87
n 78 1 1
e 78 82
n 79 1 0
e 79 80
n 80 1 1
e 80 90
n 81 1 1
e 81 82
n 82 1 0
e 82 84
n 83 1 1
e 83 93
n 84 1 1
n 85 1 0
e 85 86
n 86 1 1
e 86 94
n 87 1 1
e 87 91
n 88 1 0
e 88 89
n 89 1 1
e 89 95
n 90 1 1
e 90 91
n 91 1 0
e 91 93
n 92 1 1
e 92 98
n 93 1 1
n 94 1 1
e 94 96
n 95 1 1
e 95 96
n 96 1 0
e 96 98
n 97 1 1
e 97 111
n 98 1 1
n 99 1 0
e 99 135
e 99 124
e 99 115
e 99 106
e 99 100
n 100 1 1
e 100 108
n 101 1 0
e 101 137
e 101 121
e 101 112
e 101 103
e 101 102
n 102 1 1
e 102 105
n 103 1 0
e 103 104
n 104 1 1
e 104 114
n 105 1 1
e 105 109
n 106 1 0
e 106 107
n 107 1 1
e 107 117
n 108 1 1
e 108 109
n 109 1 0
e 109 111
n 110 1 1
e 110 120
n 111 1 1
n 112 1 0
e 112 113
n 113 1 1
e 113 123
n 114 1 1
e 114 118
n 115 1 0
e 115 116
n 116 1 1
e 116 126
n 117 1 1
e 117 118
n 118 1 0
e 118 120
n 119 1 1
e 119 129
n 120 1 1
n 121 1 0
e 121 122
n 122 1 1
e 122 130
n 123 1 1
e 123 127
n 124 1 0
e 124 125
n 125 1 1
e 125 131
n 126 1 1
e 126 127
n 127 1 0
e 127 129
n 128 1 1
e 128 134
n 129 1 1
n 130 1 1
e 130 132
n 131 1 1
e 131 132
n 132 1 0
e 132 134
n 133 1 1
e 133 147
n 134 1 1
n 135 1 0
e 135 160
e 135 151
e 135 142
e 135 136
n 136 1 1
e 136 144
n 137 1 0
e 137 157
e 137 148
e 137 139
e 137 138
n 138 1 1
e 138 141
n 139 1 0
e 139 140
n 140 1 1
e 140 150
n 141 1 1
e 141 145
n 142 1 0
e 142 143
n 143 1 1
e 143 153
n 144 1 1
e 144 145
n 145 1 0
e 145 147
n 146 1 1
e 146 156
n 147 1 1
n 148 1 0
e 148 149
n 149 1 1
e 149 159
n 150 1 1
e 150 154
n 151 1 0
e 151 152
n 152 1 1
e 152 162
n 153 1 1
e 153 154
n 154 1 0
e 154 156
n 155 1 1
e 155 165
n 156 1 1
n 157 1 0
e 157 158
n 158 1 1
e 158 166
n 159 1 1
e 159 163
n 160 1 0
e 160 161
n 161 1 1
e 161 167
n 162 1 1
e 162 163
n 163 1 0
e 163 165
n 164 1 1
e 164 169
n 165 1 1
n 166 1 1
e 166 168
n 167 1 1
e 167 168
n 168 1 0
e 168 169
n 169 1 1
n 170 1 1
e 170 171
n 171 1 0
e 171 172
n 172 1 0
e 172 174
n 173 1 0
e 173 189
n 174 1 1
n 175 0 1
e 175 1
n 176 0 1
e 176 173
e 176 65
e 176 46
e 176 37
e 176 28
e 176 27
e 176 3
n 177 0 1
e 177 6
n 178 0 1
e 178 7
n 179 0 1
e 179 8
n 180 0 1
e 180 16
e 180 15
n 181 0 1
e 181 20
n 182 0 1
e 182 158
e 182 149
e 182 140
e 182 138
e 182 122
e 182 113
e 182 104
e 182 102
e 182 86
e 182 77
e 182 68
e 182 66
e 182 47
e 182 38
e 182 29
e 182 27
n 183 0 1
e 183 164
e 183 155
e 183 146
e 183 133
e 183 128
e 183 119
e 183 110
e 183 97
e 183 92
e 183 83
e 183 74
e 183 58
e 183 53
e 183 44
e 183 35
n 184 0 1
e 184 170
e 184 36
n 185 0 1
e 185 60
n 186 0 1
e 186 137
e 186 101
e 186 65
n 187 0 1
e 187 171
n 188 0 1
e 188 172
n 189 0 1
