p convex 704 1106 crypt_Transform_entry.45 46094
n 1 1 1
e 1 692
e 1 13
n 2 1 1
e 2 697
e 2 694
e 2 3
n 3 1 1
e 3 52
e 3 35
e 3 20
e 3 19
e 3 9
e 3 8
n 4 1 1
e 4 700
e 4 698
e 4 5
n 5 1 1
e 5 39
e 5 22
e 5 8
n 6 1 1
e 6 703
e 6 701
e 6 7
n 7 1 1
e 7 26
e 7 10
n 8 1 0
e 8 11
n 9 1 0
e 9 10
n 10 1 0
e 10 11
n 11 1 0
e 11 15
n 12 1 1
e 12 536
e 12 472
e 12 250
e 12 14
n 13 1 0
e 13 14
n 14 1 0
e 14 15
n 15 1 0
e 15 17
e 15 16
n 16 1 0
e 16 18
n 17 1 0
e 17 18
n 18 1 0
e 18 19
n 19 1 0
e 19 66
e 19 48
e 19 33
e 19 32
e 19 21
e 19 20
n 20 1 0
e 20 23
n 21 1 0
e 21 22
n 22 1 0
e 22 23
n 23 1 0
e 23 28
n 24 1 1
e 24 25
n 25 1 1
e 25 606
e 25 427
e 25 218
e 25 27
n 26 1 0
e 26 27
n 27 1 0
e 27 28
n 28 1 0
e 28 30
e 28 29
n 29 1 0
e 29 31
n 30 1 0
e 30 31
n 31 1 0
e 31 32
n 32 1 0
e 32 79
e 32 61
e 32 46
e 32 45
e 32 34
e 32 33
n 33 1 0
e 33 36
n 34 1 0
e 34 35
n 35 1 0
e 35 36
n 36 1 0
e 36 41
n 37 1 1
e 37 38
n 38 1 1
e 38 676
e 38 526
e 38 360
e 38 40
n 39 1 0
e 39 40
n 40 1 0
e 40 41
n 41 1 0
e 41 43
e 41 42
n 42 1 0
e 42 44
n 43 1 0
e 43 44
n 44 1 0
e 44 45
n 45 1 0
e 45 92
e 45 74
e 45 59
e 45 58
e 45 47
e 45 46
n 46 1 0
e 46 49
n 47 1 0
e 47 48
n 48 1 0
e 48 49
n 49 1 0
e 49 54
n 50 1 1
e 50 51
n 51 1 1
e 51 586
e 51 481
e 51 327
e 51 53
n 52 1 0
e 52 53
n 53 1 0
e 53 54
n 54 1 0
e 54 56
e 54 55
n 55 1 0
e 55 57
n 56 1 0
e 56 57
n 57 1 0
e 57 58
n 58 1 0
e 58 105
e 58 87
e 58 72
e 58 71
e 58 60
e 58 59
n 59 1 0
e 59 62
n 60 1 0
e 60 61
n 61 1 0
e 61 62
n 62 1 0
e 62 67
n 63 1 1
e 63 64
n 64 1 1
e 64 656
e 64 436
e 64 294
e 64 65
n 65 1 0
e 65 66
n 66 1 0
e 66 67
n 67 1 0
e 67 69
e 67 68
n 68 1 0
e 68 70
n 69 1 0
e 69 70
n 70 1 0
e 70 71
n 71 1 0
e 71 118
e 71 100
e 71 85
e 71 84
e 71 73
e 71 72
n 72 1 0
e 72 75
n 73 1 0
e 73 74
n 74 1 0
e 74 75
n 75 1 0
e 75 80
n 76 1 1
e 76 77
n 77 1 1
e 77 566
e 77 391
e 77 261
e 77 78
n 78 1 0
e 78 79
n 79 1 0
e 79 80
n 80 1 0
e 80 82
e 80 81
n 81 1 0
e 81 83
n 82 1 0
e 82 83
n 83 1 0
e 83 84
n 84 1 0
e 84 131
e 84 113
e 84 98
e 84 97
e 84 86
e 84 85
n 85 1 0
e 85 88
n 86 1 0
e 86 87
n 87 1 0
e 87 88
n 88 1 0
e 88 93
n 89 1 1
e 89 90
n 90 1 1
e 90 636
e 90 490
e 90 228
e 90 91
n 91 1 0
e 91 92
n 92 1 0
e 92 93
n 93 1 0
e 93 95
e 93 94
n 94 1 0
e 94 96
n 95 1 0
e 95 96
n 96 1 0
e 96 97
n 97 1 0
e 97 144
e 97 126
e 97 111
e 97 110
e 97 99
e 97 98
n 98 1 0
e 98 101
n 99 1 0
e 99 100
n 100 1 0
e 100 101
n 101 1 0
e 101 106
n 102 1 1
e 102 103
n 103 1 1
e 103 546
e 103 445
e 103 371
e 103 104
n 104 1 0
e 104 105
n 105 1 0
e 105 106
n 106 1 0
e 106 108
e 106 107
n 107 1 0
e 107 109
n 108 1 0
e 108 109
n 109 1 0
e 109 110
n 110 1 0
e 110 157
e 110 139
e 110 124
e 110 123
e 110 112
e 110 111
n 111 1 0
e 111 114
n 112 1 0
e 112 113
n 113 1 0
e 113 114
n 114 1 0
e 114 119
n 115 1 1
e 115 116
n 116 1 1
e 116 616
e 116 400
e 116 338
e 116 117
n 117 1 0
e 117 118
n 118 1 0
e 118 119
n 119 1 0
e 119 121
e 119 120
n 120 1 0
e 120 122
n 121 1 0
e 121 122
n 122 1 0
e 122 123
n 123 1 0
e 123 170
e 123 152
e 123 137
e 123 136
e 123 125
e 123 124
n 124 1 0
e 124 127
n 125 1 0
e 125 126
n 126 1 0
e 126 127
n 127 1 0
e 127 132
n 128 1 1
e 128 129
n 129 1 1
e 129 686
e 129 499
e 129 305
e 129 130
n 130 1 0
e 130 131
n 131 1 0
e 131 132
n 132 1 0
e 132 134
e 132 133
n 133 1 0
e 133 135
n 134 1 0
e 134 135
n 135 1 0
e 135 136
n 136 1 0
e 136 183
e 136 165
e 136 150
e 136 149
e 136 138
e 136 137
n 137 1 0
e 137 140
n 138 1 0
e 138 139
n 139 1 0
e 139 140
n 140 1 0
e 140 145
n 141 1 1
e 141 142
n 142 1 1
e 142 596
e 142 454
e 142 272
e 142 143
n 143 1 0
e 143 144
n 144 1 0
e 144 145
n 145 1 0
e 145 147
e 145 146
n 146 1 0
e 146 148
n 147 1 0
e 147 148
n 148 1 0
e 148 149
n 149 1 0
e 149 196
e 149 178
e 149 163
e 149 162
e 149 151
e 149 150
n 150 1 0
e 150 153
n 151 1 0
e 151 152
n 152 1 0
e 152 153
n 153 1 0
e 153 158
n 154 1 1
e 154 155
n 155 1 1
e 155 666
e 155 409
e 155 239
e 155 156
n 156 1 0
e 156 157
n 157 1 0
e 157 158
n 158 1 0
e 158 160
e 158 159
n 159 1 0
e 159 161
n 160 1 0
e 160 161
n 161 1 0
e 161 162
n 162 1 0
e 162 209
e 162 191
e 162 176
e 162 175
e 162 164
e 162 163
n 163 1 0
e 163 166
n 164 1 0
e 164 165
n 165 1 0
e 165 166
n 166 1 0
e 166 171
n 167 1 1
e 167 168
n 168 1 1
e 168 576
e 168 508
e 168 382
e 168 169
n 169 1 0
e 169 170
n 170 1 0
e 170 171
n 171 1 0
e 171 173
e 171 172
n 172 1 0
e 172 174
n 173 1 0
e 173 174
n 174 1 0
e 174 175
n 175 1 0
e 175 219
e 175 204
e 175 189
e 175 188
e 175 177
e 175 176
n 176 1 0
e 176 179
n 177 1 0
e 177 178
n 178 1 0
e 178 179
n 179 1 0
e 179 184
n 180 1 1
e 180 181
n 181 1 1
e 181 646
e 181 463
e 181 349
e 181 182
n 182 1 0
e 182 183
n 183 1 0
e 183 184
n 184 1 0
e 184 186
e 184 185
n 185 1 0
e 185 187
n 186 1 0
e 186 187
n 187 1 0
e 187 188
n 188 1 0
e 188 229
e 188 215
e 188 202
e 188 201
e 188 190
e 188 189
n 189 1 0
e 189 192
n 190 1 0
e 190 216
e 190 191
n 191 1 0
e 191 192
n 192 1 0
e 192 197
n 193 1 1
e 193 194
n 194 1 1
e 194 556
e 194 418
e 194 316
e 194 195
n 195 1 0
e 195 196
n 196 1 0
e 196 197
n 197 1 0
e 197 199
e 197 198
n 198 1 0
e 198 200
n 199 1 0
e 199 200
n 200 1 0
e 200 201
n 201 1 0
e 201 240
e 201 225
e 201 216
e 201 214
e 201 203
e 201 202
n 202 1 0
e 202 205
n 203 1 0
e 203 226
e 203 204
n 204 1 0
e 204 205
n 205 1 0
e 205 210
n 206 1 1
e 206 207
n 207 1 1
e 207 626
e 207 517
e 207 283
e 207 208
n 208 1 0
e 208 209
n 209 1 0
e 209 210
n 210 1 0
e 210 212
e 210 211
n 211 1 0
e 211 213
n 212 1 0
e 212 213
n 213 1 0
e 213 214
n 214 1 0
e 214 251
e 214 236
e 214 235
e 214 226
e 214 224
e 214 215
n 215 1 0
e 215 217
n 216 1 0
e 216 217
n 217 1 0
e 217 220
n 218 1 0
e 218 219
n 219 1 0
e 219 220
n 220 1 0
e 220 222
e 220 221
n 221 1 0
e 221 223
n 222 1 0
e 222 223
n 223 1 0
e 223 224
n 224 1 0
e 224 262
e 224 247
e 224 246
e 224 237
e 224 234
e 224 225
n 225 1 0
e 225 227
n 226 1 0
e 226 227
n 227 1 0
e 227 230
n 228 1 0
e 228 229
n 229 1 0
e 229 230
n 230 1 0
e 230 232
e 230 231
n 231 1 0
e 231 233
n 232 1 0
e 232 233
n 233 1 0
e 233 234
n 234 1 0
e 234 273
e 234 258
e 234 257
e 234 248
e 234 245
e 234 235
n 235 1 0
e 235 238
n 236 1 0
e 236 237
n 237 1 0
e 237 238
n 238 1 0
e 238 241
n 239 1 0
e 239 240
n 240 1 0
e 240 241
n 241 1 0
e 241 243
e 241 242
n 242 1 0
e 242 244
n 243 1 0
e 243 244
n 244 1 0
e 244 245
n 245 1 0
e 245 284
e 245 269
e 245 268
e 245 259
e 245 256
e 245 246
n 246 1 0
e 246 249
n 247 1 0
e 247 248
n 248 1 0
e 248 249
n 249 1 0
e 249 252
n 250 1 0
e 250 251
n 251 1 0
e 251 252
n 252 1 0
e 252 254
e 252 253
n 253 1 0
e 253 255
n 254 1 0
e 254 255
n 255 1 0
e 255 256
n 256 1 0
e 256 295
e 256 280
e 256 279
e 256 270
e 256 267
e 256 257
n 257 1 0
e 257 260
n 258 1 0
e 258 259
n 259 1 0
e 259 260
n 260 1 0
e 260 263
n 261 1 0
e 261 262
n 262 1 0
e 262 263
n 263 1 0
e 263 265
e 263 264
n 264 1 0
e 264 266
n 265 1 0
e 265 266
n 266 1 0
e 266 267
n 267 1 0
e 267 306
e 267 291
e 267 290
e 267 281
e 267 278
e 267 268
n 268 1 0
e 268 271
n 269 1 0
e 269 270
n 270 1 0
e 270 271
n 271 1 0
e 271 274
n 272 1 0
e 272 273
n 273 1 0
e 273 274
n 274 1 0
e 274 276
e 274 275
n 275 1 0
e 275 277
n 276 1 0
e 276 277
n 277 1 0
e 277 278
n 278 1 0
e 278 317
e 278 302
e 278 301
e 278 292
e 278 289
e 278 279
n 279 1 0
e 279 282
n 280 1 0
e 280 281
n 281 1 0
e 281 282
n 282 1 0
e 282 285
n 283 1 0
e 283 284
n 284 1 0
e 284 285
n 285 1 0
e 285 287
e 285 286
n 286 1 0
e 286 288
n 287 1 0
e 287 288
n 288 1 0
e 288 289
n 289 1 0
e 289 328
e 289 313
e 289 312
e 289 303
e 289 300
e 289 290
n 290 1 0
e 290 293
n 291 1 0
e 291 292
n 292 1 0
e 292 293
n 293 1 0
e 293 296
n 294 1 0
e 294 295
n 295 1 0
e 295 296
n 296 1 0
e 296 298
e 296 297
n 297 1 0
e 297 299
n 298 1 0
e 298 299
n 299 1 0
e 299 300
n 300 1 0
e 300 339
e 300 324
e 300 323
e 300 314
e 300 311
e 300 301
n 301 1 0
e 301 304
n 302 1 0
e 302 303
n 303 1 0
e 303 304
n 304 1 0
e 304 307
n 305 1 0
e 305 306
n 306 1 0
e 306 307
n 307 1 0
e 307 309
e 307 308
n 308 1 0
e 308 310
n 309 1 0
e 309 310
n 310 1 0
e 310 311
n 311 1 0
e 311 350
e 311 335
e 311 334
e 311 325
e 311 322
e 311 312
n 312 1 0
e 312 315
n 313 1 0
e 313 314
n 314 1 0
e 314 315
n 315 1 0
e 315 318
n 316 1 0
e 316 317
n 317 1 0
e 317 318
n 318 1 0
e 318 320
e 318 319
n 319 1 0
e 319 321
n 320 1 0
e 320 321
n 321 1 0
e 321 322
n 322 1 0
e 322 361
e 322 346
e 322 345
e 322 336
e 322 333
e 322 323
n 323 1 0
e 323 326
n 324 1 0
e 324 325
n 325 1 0
e 325 326
n 326 1 0
e 326 329
n 327 1 0
e 327 328
n 328 1 0
e 328 329
n 329 1 0
e 329 331
e 329 330
n 330 1 0
e 330 332
n 331 1 0
e 331 332
n 332 1 0
e 332 333
n 333 1 0
e 333 372
e 333 357
e 333 356
e 333 347
e 333 344
e 333 334
n 334 1 0
e 334 337
n 335 1 0
e 335 336
n 336 1 0
e 336 337
n 337 1 0
e 337 340
n 338 1 0
e 338 339
n 339 1 0
e 339 340
n 340 1 0
e 340 342
e 340 341
n 341 1 0
e 341 343
n 342 1 0
e 342 343
n 343 1 0
e 343 344
n 344 1 0
e 344 383
e 344 368
e 344 367
e 344 358
e 344 355
e 344 345
n 345 1 0
e 345 348
n 346 1 0
e 346 347
n 347 1 0
e 347 348
n 348 1 0
e 348 351
n 349 1 0
e 349 350
n 350 1 0
e 350 351
n 351 1 0
e 351 353
e 351 352
n 352 1 0
e 352 354
n 353 1 0
e 353 354
n 354 1 0
e 354 355
n 355 1 0
e 355 392
e 355 379
e 355 378
e 355 369
e 355 366
e 355 356
n 356 1 0
e 356 359
n 357 1 0
e 357 358
n 358 1 0
e 358 359
n 359 1 0
e 359 362
n 360 1 0
e 360 361
n 361 1 0
e 361 362
n 362 1 0
e 362 364
e 362 363
n 363 1 0
e 363 365
n 364 1 0
e 364 365
n 365 1 0
e 365 366
n 366 1 0
e 366 401
e 366 389
e 366 380
e 366 377
e 366 367
n 367 1 0
e 367 370
n 368 1 0
e 368 369
n 369 1 0
e 369 370
n 370 1 0
e 370 373
n 371 1 0
e 371 372
n 372 1 0
e 372 373
n 373 1 0
e 373 375
e 373 374
n 374 1 0
e 374 376
n 375 1 0
e 375 376
n 376 1 0
e 376 377
n 377 1 0
e 377 410
e 377 398
e 377 389
e 377 388
e 377 378
n 378 1 0
e 378 381
n 379 1 0
e 379 380
n 380 1 0
e 380 381
n 381 1 0
e 381 384
n 382 1 0
e 382 383
n 383 1 0
e 383 384
n 384 1 0
e 384 386
e 384 385
n 385 1 0
e 385 387
n 386 1 0
e 386 387
n 387 1 0
e 387 388
n 388 1 0
e 388 419
e 388 407
e 388 398
e 388 397
e 388 390
n 389 1 0
e 389 390
n 390 1 0
e 390 393
n 391 1 0
e 391 392
n 392 1 0
e 392 393
n 393 1 0
e 393 395
e 393 394
n 394 1 0
e 394 396
n 395 1 0
e 395 396
n 396 1 0
e 396 397
n 397 1 0
e 397 428
e 397 416
e 397 407
e 397 406
e 397 399
n 398 1 0
e 398 399
n 399 1 0
e 399 402
n 400 1 0
e 400 401
n 401 1 0
e 401 402
n 402 1 0
e 402 404
e 402 403
n 403 1 0
e 403 405
n 404 1 0
e 404 405
n 405 1 0
e 405 406
n 406 1 0
e 406 437
e 406 425
e 406 416
e 406 415
e 406 408
n 407 1 0
e 407 408
n 408 1 0
e 408 411
n 409 1 0
e 409 410
n 410 1 0
e 410 411
n 411 1 0
e 411 413
e 411 412
n 412 1 0
e 412 414
n 413 1 0
e 413 414
n 414 1 0
e 414 415
n 415 1 0
e 415 446
e 415 434
e 415 425
e 415 424
e 415 417
n 416 1 0
e 416 417
n 417 1 0
e 417 420
n 418 1 0
e 418 419
n 419 1 0
e 419 420
n 420 1 0
e 420 422
e 420 421
n 421 1 0
e 421 423
n 422 1 0
e 422 423
n 423 1 0
e 423 424
n 424 1 0
e 424 455
e 424 443
e 424 434
e 424 433
e 424 426
n 425 1 0
e 425 426
n 426 1 0
e 426 429
n 427 1 0
e 427 428
n 428 1 0
e 428 429
n 429 1 0
e 429 431
e 429 430
n 430 1 0
e 430 432
n 431 1 0
e 431 432
n 432 1 0
e 432 433
n 433 1 0
e 433 464
e 433 452
e 433 443
e 433 442
e 433 435
n 434 1 0
e 434 435
n 435 1 0
e 435 438
n 436 1 0
e 436 437
n 437 1 0
e 437 438
n 438 1 0
e 438 440
e 438 439
n 439 1 0
e 439 441
n 440 1 0
e 440 441
n 441 1 0
e 441 442
n 442 1 0
e 442 473
e 442 461
e 442 452
e 442 451
e 442 444
n 443 1 0
e 443 444
n 444 1 0
e 444 447
n 445 1 0
e 445 446
n 446 1 0
e 446 447
n 447 1 0
e 447 449
e 447 448
n 448 1 0
e 448 450
n 449 1 0
e 449 450
n 450 1 0
e 450 451
n 451 1 0
e 451 482
e 451 470
e 451 461
e 451 460
e 451 453
n 452 1 0
e 452 453
n 453 1 0
e 453 456
n 454 1 0
e 454 455
n 455 1 0
e 455 456
n 456 1 0
e 456 458
e 456 457
n 457 1 0
e 457 459
n 458 1 0
e 458 459
n 459 1 0
e 459 460
n 460 1 0
e 460 491
e 460 479
e 460 470
e 460 469
e 460 462
n 461 1 0
e 461 462
n 462 1 0
e 462 465
n 463 1 0
e 463 464
n 464 1 0
e 464 465
n 465 1 0
e 465 467
e 465 466
n 466 1 0
e 466 468
n 467 1 0
e 467 468
n 468 1 0
e 468 469
n 469 1 0
e 469 500
e 469 488
e 469 479
e 469 478
e 469 471
n 470 1 0
e 470 471
n 471 1 0
e 471 474
n 472 1 0
e 472 473
n 473 1 0
e 473 474
n 474 1 0
e 474 476
e 474 475
n 475 1 0
e 475 477
n 476 1 0
e 476 477
n 477 1 0
e 477 478
n 478 1 0
e 478 509
e 478 497
e 478 488
e 478 487
e 478 480
n 479 1 0
e 479 480
n 480 1 0
e 480 483
n 481 1 0
e 481 482
n 482 1 0
e 482 483
n 483 1 0
e 483 485
e 483 484
n 484 1 0
e 484 486
n 485 1 0
e 485 486
n 486 1 0
e 486 487
n 487 1 0
e 487 518
e 487 506
e 487 497
e 487 496
e 487 489
n 488 1 0
e 488 489
n 489 1 0
e 489 492
n 490 1 0
e 490 491
n 491 1 0
e 491 492
n 492 1 0
e 492 494
e 492 493
n 493 1 0
e 493 495
n 494 1 0
e 494 495
n 495 1 0
e 495 496
n 496 1 0
e 496 527
e 496 515
e 496 506
e 496 505
e 496 498
n 497 1 0
e 497 498
n 498 1 0
e 498 501
n 499 1 0
e 499 500
n 500 1 0
e 500 501
n 501 1 0
e 501 503
e 501 502
n 502 1 0
e 502 504
n 503 1 0
e 503 504
n 504 1 0
e 504 505
n 505 1 0
e 505 537
e 505 524
e 505 515
e 505 514
e 505 507
n 506 1 0
e 506 507
n 507 1 0
e 507 510
n 508 1 0
e 508 509
n 509 1 0
e 509 510
n 510 1 0
e 510 512
e 510 511
n 511 1 0
e 511 513
n 512 1 0
e 512 513
n 513 1 0
e 513 514
n 514 1 0
e 514 547
e 514 533
e 514 524
e 514 523
e 514 516
n 515 1 0
e 515 516
n 516 1 0
e 516 519
n 517 1 0
e 517 518
n 518 1 0
e 518 519
n 519 1 0
e 519 521
e 519 520
n 520 1 0
e 520 522
n 521 1 0
e 521 522
n 522 1 0
e 522 523
n 523 1 0
e 523 557
e 523 543
e 523 535
e 523 532
e 523 525
n 524 1 0
e 524 525
n 525 1 0
e 525 528
n 526 1 0
e 526 527
n 527 1 0
e 527 528
n 528 1 0
e 528 530
e 528 529
n 529 1 0
e 529 531
n 530 1 0
e 530 531
n 531 1 0
e 531 532
n 532 1 0
e 532 567
e 532 553
e 532 545
e 532 542
e 532 534
n 533 1 0
e 533 534
n 534 1 0
e 534 535
n 535 1 0
e 535 538
n 536 1 0
e 536 537
n 537 1 0
e 537 538
n 538 1 0
e 538 540
e 538 539
n 539 1 0
e 539 541
n 540 1 0
e 540 541
n 541 1 0
e 541 542
n 542 1 0
e 542 577
e 542 563
e 542 555
e 542 552
e 542 544
n 543 1 0
e 543 544
n 544 1 0
e 544 545
n 545 1 0
e 545 548
n 546 1 0
e 546 547
n 547 1 0
e 547 548
n 548 1 0
e 548 550
e 548 549
n 549 1 0
e 549 551
n 550 1 0
e 550 551
n 551 1 0
e 551 552
n 552 1 0
e 552 587
e 552 573
e 552 565
e 552 562
e 552 554
n 553 1 0
e 553 554
n 554 1 0
e 554 555
n 555 1 0
e 555 558
n 556 1 0
e 556 557
n 557 1 0
e 557 558
n 558 1 0
e 558 560
e 558 559
n 559 1 0
e 559 561
n 560 1 0
e 560 561
n 561 1 0
e 561 562
n 562 1 0
e 562 597
e 562 583
e 562 575
e 562 572
e 562 564
n 563 1 0
e 563 564
n 564 1 0
e 564 565
n 565 1 0
e 565 568
n 566 1 0
e 566 567
n 567 1 0
e 567 568
n 568 1 0
e 568 570
e 568 569
n 569 1 0
e 569 571
n 570 1 0
e 570 571
n 571 1 0
e 571 572
n 572 1 0
e 572 607
e 572 593
e 572 585
e 572 582
e 572 574
n 573 1 0
e 573 574
n 574 1 0
e 574 575
n 575 1 0
e 575 578
n 576 1 0
e 576 577
n 577 1 0
e 577 578
n 578 1 0
e 578 580
e 578 579
n 579 1 0
e 579 581
n 580 1 0
e 580 581
n 581 1 0
e 581 582
n 582 1 0
e 582 617
e 582 603
e 582 595
e 582 592
e 582 584
n 583 1 0
e 583 584
n 584 1 0
e 584 585
n 585 1 0
e 585 588
n 586 1 0
e 586 587
n 587 1 0
e 587 588
n 588 1 0
e 588 590
e 588 589
n 589 1 0
e 589 591
n 590 1 0
e 590 591
n 591 1 0
e 591 592
n 592 1 0
e 592 627
e 592 613
e 592 605
e 592 602
e 592 594
n 593 1 0
e 593 594
n 594 1 0
e 594 595
n 595 1 0
e 595 598
n 596 1 0
e 596 597
n 597 1 0
e 597 598
n 598 1 0
e 598 600
e 598 599
n 599 1 0
e 599 601
n 600 1 0
e 600 601
n 601 1 0
e 601 602
n 602 1 0
e 602 637
e 602 623
e 602 615
e 602 612
e 602 604
n 603 1 0
e 603 604
n 604 1 0
e 604 605
n 605 1 0
e 605 608
n 606 1 0
e 606 607
n 607 1 0
e 607 608
n 608 1 0
e 608 610
e 608 609
n 609 1 0
e 609 611
n 610 1 0
e 610 611
n 611 1 0
e 611 612
n 612 1 0
e 612 647
e 612 633
e 612 625
e 612 622
e 612 614
n 613 1 0
e 613 614
n 614 1 0
e 614 615
n 615 1 0
e 615 618
n 616 1 0
e 616 617
n 617 1 0
e 617 618
n 618 1 0
e 618 620
e 618 619
n 619 1 0
e 619 621
n 620 1 0
e 620 621
n 621 1 0
e 621 622
n 622 1 0
e 622 657
e 622 643
e 622 635
e 622 632
e 622 624
n 623 1 0
e 623 624
n 624 1 0
e 624 625
n 625 1 0
e 625 628
n 626 1 0
e 626 627
n 627 1 0
e 627 628
n 628 1 0
e 628 630
e 628 629
n 629 1 0
e 629 631
n 630 1 0
e 630 631
n 631 1 0
e 631 632
n 632 1 0
e 632 667
e 632 653
e 632 645
e 632 642
e 632 634
n 633 1 0
e 633 634
n 634 1 0
e 634 635
n 635 1 0
e 635 638
n 636 1 0
e 636 637
n 637 1 0
e 637 638
n 638 1 0
e 638 640
e 638 639
n 639 1 0
e 639 641
n 640 1 0
e 640 641
n 641 1 0
e 641 642
n 642 1 0
e 642 677
e 642 663
e 642 655
e 642 652
e 642 644
n 643 1 0
e 643 644
n 644 1 0
e 644 645
n 645 1 0
e 645 648
n 646 1 0
e 646 647
n 647 1 0
e 647 648
n 648 1 0
e 648 650
e 648 649
n 649 1 0
e 649 651
n 650 1 0
e 650 651
n 651 1 0
e 651 652
n 652 1 0
e 652 687
e 652 673
e 652 665
e 652 662
e 652 654
n 653 1 0
e 653 654
n 654 1 0
e 654 655
n 655 1 0
e 655 658
n 656 1 0
e 656 657
n 657 1 0
e 657 658
n 658 1 0
e 658 660
e 658 659
n 659 1 0
e 659 661
n 660 1 0
e 660 661
n 661 1 0
e 661 662
n 662 1 0
e 662 692
e 662 683
e 662 675
e 662 672
e 662 664
n 663 1 0
e 663 664
n 664 1 0
e 664 665
n 665 1 0
e 665 668
n 666 1 0
e 666 667
n 667 1 0
e 667 668
n 668 1 0
e 668 670
e 668 669
n 669 1 0
e 669 671
n 670 1 0
e 670 671
n 671 1 0
e 671 672
n 672 1 0
e 672 702
e 672 685
e 672 682
e 672 674
n 673 1 0
e 673 674
n 674 1 0
e 674 675
n 675 1 0
e 675 678
n 676 1 0
e 676 677
n 677 1 0
e 677 678
n 678 1 0
e 678 680
e 678 679
n 679 1 0
e 679 681
n 680 1 0
e 680 681
n 681 1 0
e 681 682
n 682 1 0
e 682 699
e 682 695
e 682 684
n 683 1 0
e 683 684
n 684 1 0
e 684 685
n 685 1 0
e 685 688
n 686 1 0
e 686 687
n 687 1 0
e 687 688
n 688 1 0
e 688 690
e 688 689
n 689 1 0
e 689 691
n 690 1 0
e 690 691
n 691 1 0
e 691 696
n 692 1 0
e 692 693
n 693 1 1
n 694 1 1
e 694 695
n 695 1 0
e 695 696
n 696 1 0
e 696 697
n 697 1 1
n 698 1 1
e 698 699
n 699 1 0
e 699 700
n 700 1 1
n 701 1 1
e 701 702
n 702 1 0
e 702 703
n 703 1 1
n 704 1 1
