p convex 145 165 lencod_computeBiPredSATD1_for.body133.11848 390616
n 1 1 1
e 1 137
n 2 1 1
e 2 135
e 2 108
e 2 92
e 2 76
e 2 60
e 2 44
e 2 28
e 2 13
e 2 12
n 3 1 1
e 3 134
e 3 105
e 3 89
e 3 73
e 3 57
e 3 41
e 3 25
e 3 10
e 3 9
n 4 1 1
e 4 136
e 4 102
e 4 86
e 4 70
e 4 54
e 4 38
e 4 22
e 4 7
e 4 6
n 5 1 1
e 5 129
e 5 116
e 5 100
e 5 84
e 5 68
e 5 52
e 5 36
e 5 21
e 5 20
n 6 1 1
e 6 23
n 7 1 1
e 7 8
n 8 1 0
e 8 18
n 9 1 1
e 9 26
n 10 1 1
e 10 11
n 11 1 0
e 11 15
n 12 1 1
e 12 29
n 13 1 1
e 13 14
n 14 1 0
e 14 16
n 15 1 0
e 15 16
n 16 1 0
e 16 17
n 17 1 0
e 17 18
n 18 1 0
e 18 19
n 19 1 0
e 19 21
n 20 1 1
e 20 37
n 21 1 1
n 22 1 1
e 22 39
n 23 1 1
e 23 24
n 24 1 0
e 24 34
n 25 1 1
e 25 42
n 26 1 1
e 26 27
n 27 1 0
e 27 31
n 28 1 1
e 28 45
n 29 1 1
e 29 30
n 30 1 0
e 30 32
n 31 1 0
e 31 32
n 32 1 0
e 32 33
n 33 1 0
e 33 34
n 34 1 0
e 34 35
n 35 1 0
e 35 37
n 36 1 1
e 36 53
n 37 1 1
n 38 1 1
e 38 55
n 39 1 1
e 39 40
n 40 1 0
e 40 50
n 41 1 1
e 41 58
n 42 1 1
e 42 43
n 43 1 0
e 43 47
n 44 1 1
e 44 61
n 45 1 1
e 45 46
n 46 1 0
e 46 48
n 47 1 0
e 47 48
n 48 1 0
e 48 49
n 49 1 0
e 49 50
n 50 1 0
e 50 51
n 51 1 0
e 51 53
n 52 1 1
e 52 69
n 53 1 1
n 54 1 1
e 54 71
n 55 1 1
e 55 56
n 56 1 0
e 56 66
n 57 1 1
e 57 74
n 58 1 1
e 58 59
n 59 1 0
e 59 63
n 60 1 1
e 60 77
n 61 1 1
e 61 62
n 62 1 0
e 62 64
n 63 1 0
e 63 64
n 64 1 0
e 64 65
n 65 1 0
e 65 66
n 66 1 0
e 66 67
n 67 1 0
e 67 69
n 68 1 1
e 68 85
n 69 1 1
n 70 1 1
e 70 87
n 71 1 1
e 71 72
n 72 1 0
e 72 82
n 73 1 1
e 73 90
n 74 1 1
e 74 75
n 75 1 0
e 75 79
n 76 1 1
e 76 93
n 77 1 1
e 77 78
n 78 1 0
e 78 80
n 79 1 0
e 79 80
n 80 1 0
e 80 81
n 81 1 0
e 81 82
n 82 1 0
e 82 83
n 83 1 0
e 83 85
n 84 1 1
e 84 101
n 85 1 1
n 86 1 1
e 86 103
n 87 1 1
e 87 88
n 88 1 0
e 88 98
n 89 1 1
e 89 106
n 90 1 1
e 90 91
n 91 1 0
e 91 95
n 92 1 1
e 92 109
n 93 1 1
e 93 94
n 94 1 0
e 94 96
n 95 1 0
e 95 96
n 96 1 0
e 96 97
n 97 1 0
e 97 98
n 98 1 0
e 98 99
n 99 1 0
e 99 101
n 100 1 1
e 100 117
n 101 1 1
n 102 1 1
e 102 118
n 103 1 1
e 103 104
n 104 1 0
e 104 114
n 105 1 1
e 105 120
n 106 1 1
e 106 107
n 107 1 0
e 107 111
n 108 1 1
e 108 122
n 109 1 1
e 109 110
n 110 1 0
e 110 112
n 111 1 0
e 111 112
n 112 1 0
e 112 113
n 113 1 0
e 113 114
n 114 1 0
e 114 115
n 115 1 0
e 115 117
n 116 1 1
e 116 130
n 117 1 1
n 118 1 1
e 118 119
n 119 1 0
e 119 127
n 120 1 1
e 120 121
n 121 1 0
e 121 124
n 122 1 1
e 122 123
n 123 1 0
e 123 125
n 124 1 0
e 124 125
n 125 1 0
e 125 126
n 126 1 0
e 126 127
n 127 1 0
e 127 128
n 128 1 0
e 128 130
n 129 1 1
n 130 1 1
n 131 1 1
e 131 132
n 132 1 0
e 132 133
n 133 1 0
e 133 135
e 133 134
n 134 1 1
n 135 1 1
n 136 1 1
n 137 1 0
e 137 138
n 138 1 0
e 138 139
n 139 1 1
n 140 0 1
e 140 2
n 141 0 1
e 141 3
n 142 0 1
e 142 4
n 143 0 1
e 143 5
n 144 0 1
e 144 131
n 145 0 1
e 145 136
