p convex 856 1012 rijndael_encrypt_sw.bb440.20 202973
n 1 1 1
e 1 70
e 1 52
e 1 35
e 1 18
n 2 1 1
e 2 81
e 2 49
e 2 31
e 2 14
n 3 1 1
e 3 77
e 3 60
e 3 28
e 3 10
n 4 1 1
e 4 73
e 4 56
e 4 39
e 4 7
n 5 1 1
e 5 824
e 5 803
e 5 782
e 5 761
e 5 740
e 5 719
e 5 698
e 5 677
e 5 656
e 5 635
e 5 614
e 5 593
e 5 572
e 5 551
e 5 530
e 5 509
e 5 488
e 5 467
e 5 446
e 5 425
e 5 404
e 5 383
e 5 362
e 5 341
e 5 320
e 5 299
e 5 278
e 5 257
e 5 236
e 5 215
e 5 194
e 5 173
e 5 152
e 5 131
e 5 110
e 5 89
e 5 68
e 5 47
e 5 26
e 5 6
n 6 1 1
e 6 22
n 7 1 0
e 7 8
n 8 1 1
e 8 9
n 9 1 1
e 9 22
n 10 1 0
e 10 11
n 11 1 0
e 11 12
n 12 1 1
e 12 13
n 13 1 1
e 13 23
n 14 1 0
e 14 15
n 15 1 0
e 15 16
n 16 1 1
e 16 17
n 17 1 1
e 17 24
n 18 1 0
e 18 19
n 19 1 0
e 19 20
n 20 1 1
e 20 21
n 21 1 1
e 21 25
n 22 1 0
e 22 23
n 23 1 0
e 23 24
n 24 1 0
e 24 25
n 25 1 0
e 25 157
e 25 140
e 25 123
e 25 91
n 26 1 1
e 26 27
n 27 1 1
e 27 43
n 28 1 0
e 28 29
n 29 1 1
e 29 30
n 30 1 1
e 30 43
n 31 1 0
e 31 32
n 32 1 0
e 32 33
n 33 1 1
e 33 34
n 34 1 1
e 34 44
n 35 1 0
e 35 36
n 36 1 0
e 36 37
n 37 1 1
e 37 38
n 38 1 1
e 38 45
n 39 1 0
e 39 40
n 40 1 0
e 40 41
n 41 1 1
e 41 42
n 42 1 1
e 42 46
n 43 1 0
e 43 44
n 44 1 0
e 44 45
n 45 1 0
e 45 46
n 46 1 0
e 46 161
e 46 144
e 46 112
e 46 94
n 47 1 1
e 47 48
n 48 1 1
e 48 64
n 49 1 0
e 49 50
n 50 1 1
e 50 51
n 51 1 1
e 51 64
n 52 1 0
e 52 53
n 53 1 0
e 53 54
n 54 1 1
e 54 55
n 55 1 1
e 55 65
n 56 1 0
e 56 57
n 57 1 0
e 57 58
n 58 1 1
e 58 59
n 59 1 1
e 59 66
n 60 1 0
e 60 61
n 61 1 0
e 61 62
n 62 1 1
e 62 63
n 63 1 1
e 63 67
n 64 1 0
e 64 65
n 65 1 0
e 65 66
n 66 1 0
e 66 67
n 67 1 0
e 67 165
e 67 133
e 67 115
e 67 98
n 68 1 1
e 68 69
n 69 1 1
e 69 85
n 70 1 0
e 70 71
n 71 1 1
e 71 72
n 72 1 1
e 72 85
n 73 1 0
e 73 74
n 74 1 0
e 74 75
n 75 1 1
e 75 76
n 76 1 1
e 76 86
n 77 1 0
e 77 78
n 78 1 0
e 78 79
n 79 1 1
e 79 80
n 80 1 1
e 80 87
n 81 1 0
e 81 82
n 82 1 0
e 82 83
n 83 1 1
e 83 84
n 84 1 1
e 84 88
n 85 1 0
e 85 86
n 86 1 0
e 86 87
n 87 1 0
e 87 88
n 88 1 0
e 88 154
e 88 136
e 88 119
e 88 102
n 89 1 1
e 89 90
n 90 1 1
e 90 106
n 91 1 0
e 91 92
n 92 1 1
e 92 93
n 93 1 1
e 93 106
n 94 1 0
e 94 95
n 95 1 0
e 95 96
n 96 1 1
e 96 97
n 97 1 1
e 97 107
n 98 1 0
e 98 99
n 99 1 0
e 99 100
n 100 1 1
e 100 101
n 101 1 1
e 101 108
n 102 1 0
e 102 103
n 103 1 0
e 103 104
n 104 1 1
e 104 105
n 105 1 1
e 105 109
n 106 1 0
e 106 107
n 107 1 0
e 107 108
n 108 1 0
e 108 109
n 109 1 0
e 109 241
e 109 224
e 109 207
e 109 175
n 110 1 1
e 110 111
n 111 1 1
e 111 127
n 112 1 0
e 112 113
n 113 1 1
e 113 114
n 114 1 1
e 114 127
n 115 1 0
e 115 116
n 116 1 0
e 116 117
n 117 1 1
e 117 118
n 118 1 1
e 118 128
n 119 1 0
e 119 120
n 120 1 0
e 120 121
n 121 1 1
e 121 122
n 122 1 1
e 122 129
n 123 1 0
e 123 124
n 124 1 0
e 124 125
n 125 1 1
e 125 126
n 126 1 1
e 126 130
n 127 1 0
e 127 128
n 128 1 0
e 128 129
n 129 1 0
e 129 130
n 130 1 0
e 130 245
e 130 228
e 130 196
e 130 178
n 131 1 1
e 131 132
n 132 1 1
e 132 148
n 133 1 0
e 133 134
n 134 1 1
e 134 135
n 135 1 1
e 135 148
n 136 1 0
e 136 137
n 137 1 0
e 137 138
n 138 1 1
e 138 139
n 139 1 1
e 139 149
n 140 1 0
e 140 141
n 141 1 0
e 141 142
n 142 1 1
e 142 143
n 143 1 1
e 143 150
n 144 1 0
e 144 145
n 145 1 0
e 145 146
n 146 1 1
e 146 147
n 147 1 1
e 147 151
n 148 1 0
e 148 149
n 149 1 0
e 149 150
n 150 1 0
e 150 151
n 151 1 0
e 151 249
e 151 217
e 151 199
e 151 182
n 152 1 1
e 152 153
n 153 1 1
e 153 169
n 154 1 0
e 154 155
n 155 1 1
e 155 156
n 156 1 1
e 156 169
n 157 1 0
e 157 158
n 158 1 0
e 158 159
n 159 1 1
e 159 160
n 160 1 1
e 160 170
n 161 1 0
e 161 162
n 162 1 0
e 162 163
n 163 1 1
e 163 164
n 164 1 1
e 164 171
n 165 1 0
e 165 166
n 166 1 0
e 166 167
n 167 1 1
e 167 168
n 168 1 1
e 168 172
n 169 1 0
e 169 170
n 170 1 0
e 170 171
n 171 1 0
e 171 172
n 172 1 0
e 172 238
e 172 220
e 172 203
e 172 186
n 173 1 1
e 173 174
n 174 1 1
e 174 190
n 175 1 0
e 175 176
n 176 1 1
e 176 177
n 177 1 1
e 177 190
n 178 1 0
e 178 179
n 179 1 0
e 179 180
n 180 1 1
e 180 181
n 181 1 1
e 181 191
n 182 1 0
e 182 183
n 183 1 0
e 183 184
n 184 1 1
e 184 185
n 185 1 1
e 185 192
n 186 1 0
e 186 187
n 187 1 0
e 187 188
n 188 1 1
e 188 189
n 189 1 1
e 189 193
n 190 1 0
e 190 191
n 191 1 0
e 191 192
n 192 1 0
e 192 193
n 193 1 0
e 193 325
e 193 308
e 193 291
e 193 259
n 194 1 1
e 194 195
n 195 1 1
e 195 211
n 196 1 0
e 196 197
n 197 1 1
e 197 198
n 198 1 1
e 198 211
n 199 1 0
e 199 200
n 200 1 0
e 200 201
n 201 1 1
e 201 202
n 202 1 1
e 202 212
n 203 1 0
e 203 204
n 204 1 0
e 204 205
n 205 1 1
e 205 206
n 206 1 1
e 206 213
n 207 1 0
e 207 208
n 208 1 0
e 208 209
n 209 1 1
e 209 210
n 210 1 1
e 210 214
n 211 1 0
e 211 212
n 212 1 0
e 212 213
n 213 1 0
e 213 214
n 214 1 0
e 214 329
e 214 312
e 214 280
e 214 262
n 215 1 1
e 215 216
n 216 1 1
e 216 232
n 217 1 0
e 217 218
n 218 1 1
e 218 219
n 219 1 1
e 219 232
n 220 1 0
e 220 221
n 221 1 0
e 221 222
n 222 1 1
e 222 223
n 223 1 1
e 223 233
n 224 1 0
e 224 225
n 225 1 0
e 225 226
n 226 1 1
e 226 227
n 227 1 1
e 227 234
n 228 1 0
e 228 229
n 229 1 0
e 229 230
n 230 1 1
e 230 231
n 231 1 1
e 231 235
n 232 1 0
e 232 233
n 233 1 0
e 233 234
n 234 1 0
e 234 235
n 235 1 0
e 235 333
e 235 301
e 235 283
e 235 266
n 236 1 1
e 236 237
n 237 1 1
e 237 253
n 238 1 0
e 238 239
n 239 1 1
e 239 240
n 240 1 1
e 240 253
n 241 1 0
e 241 242
n 242 1 0
e 242 243
n 243 1 1
e 243 244
n 244 1 1
e 244 254
n 245 1 0
e 245 246
n 246 1 0
e 246 247
n 247 1 1
e 247 248
n 248 1 1
e 248 255
n 249 1 0
e 249 250
n 250 1 0
e 250 251
n 251 1 1
e 251 252
n 252 1 1
e 252 256
n 253 1 0
e 253 254
n 254 1 0
e 254 255
n 255 1 0
e 255 256
n 256 1 0
e 256 322
e 256 304
e 256 287
e 256 270
n 257 1 1
e 257 258
n 258 1 1
e 258 274
n 259 1 0
e 259 260
n 260 1 1
e 260 261
n 261 1 1
e 261 274
n 262 1 0
e 262 263
n 263 1 0
e 263 264
n 264 1 1
e 264 265
n 265 1 1
e 265 275
n 266 1 0
e 266 267
n 267 1 0
e 267 268
n 268 1 1
e 268 269
n 269 1 1
e 269 276
n 270 1 0
e 270 271
n 271 1 0
e 271 272
n 272 1 1
e 272 273
n 273 1 1
e 273 277
n 274 1 0
e 274 275
n 275 1 0
e 275 276
n 276 1 0
e 276 277
n 277 1 0
e 277 409
e 277 392
e 277 375
e 277 343
n 278 1 1
e 278 279
n 279 1 1
e 279 295
n 280 1 0
e 280 281
n 281 1 1
e 281 282
n 282 1 1
e 282 295
n 283 1 0
e 283 284
n 284 1 0
e 284 285
n 285 1 1
e 285 286
n 286 1 1
e 286 296
n 287 1 0
e 287 288
n 288 1 0
e 288 289
n 289 1 1
e 289 290
n 290 1 1
e 290 297
n 291 1 0
e 291 292
n 292 1 0
e 292 293
n 293 1 1
e 293 294
n 294 1 1
e 294 298
n 295 1 0
e 295 296
n 296 1 0
e 296 297
n 297 1 0
e 297 298
n 298 1 0
e 298 413
e 298 396
e 298 364
e 298 346
n 299 1 1
e 299 300
n 300 1 1
e 300 316
n 301 1 0
e 301 302
n 302 1 1
e 302 303
n 303 1 1
e 303 316
n 304 1 0
e 304 305
n 305 1 0
e 305 306
n 306 1 1
e 306 307
n 307 1 1
e 307 317
n 308 1 0
e 308 309
n 309 1 0
e 309 310
n 310 1 1
e 310 311
n 311 1 1
e 311 318
n 312 1 0
e 312 313
n 313 1 0
e 313 314
n 314 1 1
e 314 315
n 315 1 1
e 315 319
n 316 1 0
e 316 317
n 317 1 0
e 317 318
n 318 1 0
e 318 319
n 319 1 0
e 319 417
e 319 385
e 319 367
e 319 350
n 320 1 1
e 320 321
n 321 1 1
e 321 337
n 322 1 0
e 322 323
n 323 1 1
e 323 324
n 324 1 1
e 324 337
n 325 1 0
e 325 326
n 326 1 0
e 326 327
n 327 1 1
e 327 328
n 328 1 1
e 328 338
n 329 1 0
e 329 330
n 330 1 0
e 330 331
n 331 1 1
e 331 332
n 332 1 1
e 332 339
n 333 1 0
e 333 334
n 334 1 0
e 334 335
n 335 1 1
e 335 336
n 336 1 1
e 336 340
n 337 1 0
e 337 338
n 338 1 0
e 338 339
n 339 1 0
e 339 340
n 340 1 0
e 340 406
e 340 388
e 340 371
e 340 354
n 341 1 1
e 341 342
n 342 1 1
e 342 358
n 343 1 0
e 343 344
n 344 1 1
e 344 345
n 345 1 1
e 345 358
n 346 1 0
e 346 347
n 347 1 0
e 347 348
n 348 1 1
e 348 349
n 349 1 1
e 349 359
n 350 1 0
e 350 351
n 351 1 0
e 351 352
n 352 1 1
e 352 353
n 353 1 1
e 353 360
n 354 1 0
e 354 355
n 355 1 0
e 355 356
n 356 1 1
e 356 357
n 357 1 1
e 357 361
n 358 1 0
e 358 359
n 359 1 0
e 359 360
n 360 1 0
e 360 361
n 361 1 0
e 361 493
e 361 476
e 361 459
e 361 427
n 362 1 1
e 362 363
n 363 1 1
e 363 379
n 364 1 0
e 364 365
n 365 1 1
e 365 366
n 366 1 1
e 366 379
n 367 1 0
e 367 368
n 368 1 0
e 368 369
n 369 1 1
e 369 370
n 370 1 1
e 370 380
n 371 1 0
e 371 372
n 372 1 0
e 372 373
n 373 1 1
e 373 374
n 374 1 1
e 374 381
n 375 1 0
e 375 376
n 376 1 0
e 376 377
n 377 1 1
e 377 378
n 378 1 1
e 378 382
n 379 1 0
e 379 380
n 380 1 0
e 380 381
n 381 1 0
e 381 382
n 382 1 0
e 382 497
e 382 480
e 382 448
e 382 430
n 383 1 1
e 383 384
n 384 1 1
e 384 400
n 385 1 0
e 385 386
n 386 1 1
e 386 387
n 387 1 1
e 387 400
n 388 1 0
e 388 389
n 389 1 0
e 389 390
n 390 1 1
e 390 391
n 391 1 1
e 391 401
n 392 1 0
e 392 393
n 393 1 0
e 393 394
n 394 1 1
e 394 395
n 395 1 1
e 395 402
n 396 1 0
e 396 397
n 397 1 0
e 397 398
n 398 1 1
e 398 399
n 399 1 1
e 399 403
n 400 1 0
e 400 401
n 401 1 0
e 401 402
n 402 1 0
e 402 403
n 403 1 0
e 403 501
e 403 469
e 403 451
e 403 434
n 404 1 1
e 404 405
n 405 1 1
e 405 421
n 406 1 0
e 406 407
n 407 1 1
e 407 408
n 408 1 1
e 408 421
n 409 1 0
e 409 410
n 410 1 0
e 410 411
n 411 1 1
e 411 412
n 412 1 1
e 412 422
n 413 1 0
e 413 414
n 414 1 0
e 414 415
n 415 1 1
e 415 416
n 416 1 1
e 416 423
n 417 1 0
e 417 418
n 418 1 0
e 418 419
n 419 1 1
e 419 420
n 420 1 1
e 420 424
n 421 1 0
e 421 422
n 422 1 0
e 422 423
n 423 1 0
e 423 424
n 424 1 0
e 424 490
e 424 472
e 424 455
e 424 438
n 425 1 1
e 425 426
n 426 1 1
e 426 442
n 427 1 0
e 427 428
n 428 1 1
e 428 429
n 429 1 1
e 429 442
n 430 1 0
e 430 431
n 431 1 0
e 431 432
n 432 1 1
e 432 433
n 433 1 1
e 433 443
n 434 1 0
e 434 435
n 435 1 0
e 435 436
n 436 1 1
e 436 437
n 437 1 1
e 437 444
n 438 1 0
e 438 439
n 439 1 0
e 439 440
n 440 1 1
e 440 441
n 441 1 1
e 441 445
n 442 1 0
e 442 443
n 443 1 0
e 443 444
n 444 1 0
e 444 445
n 445 1 0
e 445 577
e 445 560
e 445 543
e 445 511
n 446 1 1
e 446 447
n 447 1 1
e 447 463
n 448 1 0
e 448 449
n 449 1 1
e 449 450
n 450 1 1
e 450 463
n 451 1 0
e 451 452
n 452 1 0
e 452 453
n 453 1 1
e 453 454
n 454 1 1
e 454 464
n 455 1 0
e 455 456
n 456 1 0
e 456 457
n 457 1 1
e 457 458
n 458 1 1
e 458 465
n 459 1 0
e 459 460
n 460 1 0
e 460 461
n 461 1 1
e 461 462
n 462 1 1
e 462 466
n 463 1 0
e 463 464
n 464 1 0
e 464 465
n 465 1 0
e 465 466
n 466 1 0
e 466 581
e 466 564
e 466 532
e 466 514
n 467 1 1
e 467 468
n 468 1 1
e 468 484
n 469 1 0
e 469 470
n 470 1 1
e 470 471
n 471 1 1
e 471 484
n 472 1 0
e 472 473
n 473 1 0
e 473 474
n 474 1 1
e 474 475
n 475 1 1
e 475 485
n 476 1 0
e 476 477
n 477 1 0
e 477 478
n 478 1 1
e 478 479
n 479 1 1
e 479 486
n 480 1 0
e 480 481
n 481 1 0
e 481 482
n 482 1 1
e 482 483
n 483 1 1
e 483 487
n 484 1 0
e 484 485
n 485 1 0
e 485 486
n 486 1 0
e 486 487
n 487 1 0
e 487 585
e 487 553
e 487 535
e 487 518
n 488 1 1
e 488 489
n 489 1 1
e 489 505
n 490 1 0
e 490 491
n 491 1 1
e 491 492
n 492 1 1
e 492 505
n 493 1 0
e 493 494
n 494 1 0
e 494 495
n 495 1 1
e 495 496
n 496 1 1
e 496 506
n 497 1 0
e 497 498
n 498 1 0
e 498 499
n 499 1 1
e 499 500
n 500 1 1
e 500 507
n 501 1 0
e 501 502
n 502 1 0
e 502 503
n 503 1 1
e 503 504
n 504 1 1
e 504 508
n 505 1 0
e 505 506
n 506 1 0
e 506 507
n 507 1 0
e 507 508
n 508 1 0
e 508 574
e 508 556
e 508 539
e 508 522
n 509 1 1
e 509 510
n 510 1 1
e 510 526
n 511 1 0
e 511 512
n 512 1 1
e 512 513
n 513 1 1
e 513 526
n 514 1 0
e 514 515
n 515 1 0
e 515 516
n 516 1 1
e 516 517
n 517 1 1
e 517 527
n 518 1 0
e 518 519
n 519 1 0
e 519 520
n 520 1 1
e 520 521
n 521 1 1
e 521 528
n 522 1 0
e 522 523
n 523 1 0
e 523 524
n 524 1 1
e 524 525
n 525 1 1
e 525 529
n 526 1 0
e 526 527
n 527 1 0
e 527 528
n 528 1 0
e 528 529
n 529 1 0
e 529 661
e 529 644
e 529 627
e 529 595
n 530 1 1
e 530 531
n 531 1 1
e 531 547
n 532 1 0
e 532 533
n 533 1 1
e 533 534
n 534 1 1
e 534 547
n 535 1 0
e 535 536
n 536 1 0
e 536 537
n 537 1 1
e 537 538
n 538 1 1
e 538 548
n 539 1 0
e 539 540
n 540 1 0
e 540 541
n 541 1 1
e 541 542
n 542 1 1
e 542 549
n 543 1 0
e 543 544
n 544 1 0
e 544 545
n 545 1 1
e 545 546
n 546 1 1
e 546 550
n 547 1 0
e 547 548
n 548 1 0
e 548 549
n 549 1 0
e 549 550
n 550 1 0
e 550 665
e 550 648
e 550 616
e 550 598
n 551 1 1
e 551 552
n 552 1 1
e 552 568
n 553 1 0
e 553 554
n 554 1 1
e 554 555
n 555 1 1
e 555 568
n 556 1 0
e 556 557
n 557 1 0
e 557 558
n 558 1 1
e 558 559
n 559 1 1
e 559 569
n 560 1 0
e 560 561
n 561 1 0
e 561 562
n 562 1 1
e 562 563
n 563 1 1
e 563 570
n 564 1 0
e 564 565
n 565 1 0
e 565 566
n 566 1 1
e 566 567
n 567 1 1
e 567 571
n 568 1 0
e 568 569
n 569 1 0
e 569 570
n 570 1 0
e 570 571
n 571 1 0
e 571 669
e 571 637
e 571 619
e 571 602
n 572 1 1
e 572 573
n 573 1 1
e 573 589
n 574 1 0
e 574 575
n 575 1 1
e 575 576
n 576 1 1
e 576 589
n 577 1 0
e 577 578
n 578 1 0
e 578 579
n 579 1 1
e 579 580
n 580 1 1
e 580 590
n 581 1 0
e 581 582
n 582 1 0
e 582 583
n 583 1 1
e 583 584
n 584 1 1
e 584 591
n 585 1 0
e 585 586
n 586 1 0
e 586 587
n 587 1 1
e 587 588
n 588 1 1
e 588 592
n 589 1 0
e 589 590
n 590 1 0
e 590 591
n 591 1 0
e 591 592
n 592 1 0
e 592 658
e 592 640
e 592 623
e 592 606
n 593 1 1
e 593 594
n 594 1 1
e 594 610
n 595 1 0
e 595 596
n 596 1 1
e 596 597
n 597 1 1
e 597 610
n 598 1 0
e 598 599
n 599 1 0
e 599 600
n 600 1 1
e 600 601
n 601 1 1
e 601 611
n 602 1 0
e 602 603
n 603 1 0
e 603 604
n 604 1 1
e 604 605
n 605 1 1
e 605 612
n 606 1 0
e 606 607
n 607 1 0
e 607 608
n 608 1 1
e 608 609
n 609 1 1
e 609 613
n 610 1 0
e 610 611
n 611 1 0
e 611 612
n 612 1 0
e 612 613
n 613 1 0
e 613 745
e 613 728
e 613 711
e 613 679
n 614 1 1
e 614 615
n 615 1 1
e 615 631
n 616 1 0
e 616 617
n 617 1 1
e 617 618
n 618 1 1
e 618 631
n 619 1 0
e 619 620
n 620 1 0
e 620 621
n 621 1 1
e 621 622
n 622 1 1
e 622 632
n 623 1 0
e 623 624
n 624 1 0
e 624 625
n 625 1 1
e 625 626
n 626 1 1
e 626 633
n 627 1 0
e 627 628
n 628 1 0
e 628 629
n 629 1 1
e 629 630
n 630 1 1
e 630 634
n 631 1 0
e 631 632
n 632 1 0
e 632 633
n 633 1 0
e 633 634
n 634 1 0
e 634 749
e 634 732
e 634 700
e 634 682
n 635 1 1
e 635 636
n 636 1 1
e 636 652
n 637 1 0
e 637 638
n 638 1 1
e 638 639
n 639 1 1
e 639 652
n 640 1 0
e 640 641
n 641 1 0
e 641 642
n 642 1 1
e 642 643
n 643 1 1
e 643 653
n 644 1 0
e 644 645
n 645 1 0
e 645 646
n 646 1 1
e 646 647
n 647 1 1
e 647 654
n 648 1 0
e 648 649
n 649 1 0
e 649 650
n 650 1 1
e 650 651
n 651 1 1
e 651 655
n 652 1 0
e 652 653
n 653 1 0
e 653 654
n 654 1 0
e 654 655
n 655 1 0
e 655 753
e 655 721
e 655 703
e 655 686
n 656 1 1
e 656 657
n 657 1 1
e 657 673
n 658 1 0
e 658 659
n 659 1 1
e 659 660
n 660 1 1
e 660 673
n 661 1 0
e 661 662
n 662 1 0
e 662 663
n 663 1 1
e 663 664
n 664 1 1
e 664 674
n 665 1 0
e 665 666
n 666 1 0
e 666 667
n 667 1 1
e 667 668
n 668 1 1
e 668 675
n 669 1 0
e 669 670
n 670 1 0
e 670 671
n 671 1 1
e 671 672
n 672 1 1
e 672 676
n 673 1 0
e 673 674
n 674 1 0
e 674 675
n 675 1 0
e 675 676
n 676 1 0
e 676 742
e 676 724
e 676 707
e 676 690
n 677 1 1
e 677 678
n 678 1 1
e 678 694
n 679 1 0
e 679 680
n 680 1 1
e 680 681
n 681 1 1
e 681 694
n 682 1 0
e 682 683
n 683 1 0
e 683 684
n 684 1 1
e 684 685
n 685 1 1
e 685 695
n 686 1 0
e 686 687
n 687 1 0
e 687 688
n 688 1 1
e 688 689
n 689 1 1
e 689 696
n 690 1 0
e 690 691
n 691 1 0
e 691 692
n 692 1 1
e 692 693
n 693 1 1
e 693 697
n 694 1 0
e 694 695
n 695 1 0
e 695 696
n 696 1 0
e 696 697
n 697 1 0
e 697 829
e 697 812
e 697 795
e 697 763
n 698 1 1
e 698 699
n 699 1 1
e 699 715
n 700 1 0
e 700 701
n 701 1 1
e 701 702
n 702 1 1
e 702 715
n 703 1 0
e 703 704
n 704 1 0
e 704 705
n 705 1 1
e 705 706
n 706 1 1
e 706 716
n 707 1 0
e 707 708
n 708 1 0
e 708 709
n 709 1 1
e 709 710
n 710 1 1
e 710 717
n 711 1 0
e 711 712
n 712 1 0
e 712 713
n 713 1 1
e 713 714
n 714 1 1
e 714 718
n 715 1 0
e 715 716
n 716 1 0
e 716 717
n 717 1 0
e 717 718
n 718 1 0
e 718 833
e 718 816
e 718 784
e 718 766
n 719 1 1
e 719 720
n 720 1 1
e 720 736
n 721 1 0
e 721 722
n 722 1 1
e 722 723
n 723 1 1
e 723 736
n 724 1 0
e 724 725
n 725 1 0
e 725 726
n 726 1 1
e 726 727
n 727 1 1
e 727 737
n 728 1 0
e 728 729
n 729 1 0
e 729 730
n 730 1 1
e 730 731
n 731 1 1
e 731 738
n 732 1 0
e 732 733
n 733 1 0
e 733 734
n 734 1 1
e 734 735
n 735 1 1
e 735 739
n 736 1 0
e 736 737
n 737 1 0
e 737 738
n 738 1 0
e 738 739
n 739 1 0
e 739 837
e 739 805
e 739 787
e 739 770
n 740 1 1
e 740 741
n 741 1 1
e 741 757
n 742 1 0
e 742 743
n 743 1 1
e 743 744
n 744 1 1
e 744 757
n 745 1 0
e 745 746
n 746 1 0
e 746 747
n 747 1 1
e 747 748
n 748 1 1
e 748 758
n 749 1 0
e 749 750
n 750 1 0
e 750 751
n 751 1 1
e 751 752
n 752 1 1
e 752 759
n 753 1 0
e 753 754
n 754 1 0
e 754 755
n 755 1 1
e 755 756
n 756 1 1
e 756 760
n 757 1 0
e 757 758
n 758 1 0
e 758 759
n 759 1 0
e 759 760
n 760 1 0
e 760 826
e 760 808
e 760 791
e 760 774
n 761 1 1
e 761 762
n 762 1 1
e 762 778
n 763 1 0
e 763 764
n 764 1 1
e 764 765
n 765 1 1
e 765 778
n 766 1 0
e 766 767
n 767 1 0
e 767 768
n 768 1 1
e 768 769
n 769 1 1
e 769 779
n 770 1 0
e 770 771
n 771 1 0
e 771 772
n 772 1 1
e 772 773
n 773 1 1
e 773 780
n 774 1 0
e 774 775
n 775 1 0
e 775 776
n 776 1 1
e 776 777
n 777 1 1
e 777 781
n 778 1 0
e 778 779
n 779 1 0
e 779 780
n 780 1 0
e 780 781
n 781 1 0
e 781 856
n 782 1 1
e 782 783
n 783 1 1
e 783 799
n 784 1 0
e 784 785
n 785 1 1
e 785 786
n 786 1 1
e 786 799
n 787 1 0
e 787 788
n 788 1 0
e 788 789
n 789 1 1
e 789 790
n 790 1 1
e 790 800
n 791 1 0
e 791 792
n 792 1 0
e 792 793
n 793 1 1
e 793 794
n 794 1 1
e 794 801
n 795 1 0
e 795 796
n 796 1 0
e 796 797
n 797 1 1
e 797 798
n 798 1 1
e 798 802
n 799 1 0
e 799 800
n 800 1 0
e 800 801
n 801 1 0
e 801 802
n 802 1 0
n 803 1 1
e 803 804
n 804 1 1
e 804 820
n 805 1 0
e 805 806
n 806 1 1
e 806 807
n 807 1 1
e 807 820
n 808 1 0
e 808 809
n 809 1 0
e 809 810
n 810 1 1
e 810 811
n 811 1 1
e 811 821
n 812 1 0
e 812 813
n 813 1 0
e 813 814
n 814 1 1
e 814 815
n 815 1 1
e 815 822
n 816 1 0
e 816 817
n 817 1 0
e 817 818
n 818 1 1
e 818 819
n 819 1 1
e 819 823
n 820 1 0
e 820 821
n 821 1 0
e 821 822
n 822 1 0
e 822 823
n 823 1 0
e 823 856
n 824 1 1
e 824 825
n 825 1 1
e 825 841
n 826 1 0
e 826 827
n 827 1 1
e 827 828
n 828 1 1
e 828 841
n 829 1 0
e 829 830
n 830 1 0
e 830 831
n 831 1 1
e 831 832
n 832 1 1
e 832 842
n 833 1 0
e 833 834
n 834 1 0
e 834 835
n 835 1 1
e 835 836
n 836 1 1
e 836 843
n 837 1 0
e 837 838
n 838 1 0
e 838 839
n 839 1 1
e 839 840
n 840 1 1
e 840 844
n 841 1 0
e 841 842
n 842 1 0
e 842 843
n 843 1 0
e 843 844
n 844 1 0
e 844 856
n 845 1 1
n 846 0 1
e 846 1
n 847 0 1
e 847 1
n 848 0 1
e 848 2
n 849 0 1
e 849 2
n 850 0 1
e 850 3
n 851 0 1
e 851 3
n 852 0 1
e 852 4
n 853 0 1
e 853 4
n 854 0 1
e 854 5
n 855 0 1
e 855 5
n 856 0 1
